county,administered_date,total_doses,cumulative_total_doses,pfizer_doses,cumulative_pfizer_doses,moderna_doses,cumulative_moderna_doses,jj_doses,cumulative_jj_doses,partially_vaccinated,total_partially_vaccinated,fully_vaccinated,cumulative_fully_vaccinated,at_least_one_dose,cumulative_at_least_one_dose,california_flag
All CA Counties,12/15/2020,1131,1131,1131,1131,0,0,0,0,1131,1131,0,0,1131,1131,
All CA Counties,12/16/2020,8110,9241,8110,9241,0,0,0,0,8110,9241,0,0,8110,9241,
All CA Counties,12/17/2020,25699,34940,25699,34940,0,0,0,0,25701,34942,0,0,25701,34942,
All CA Counties,12/18/2020,43711,78651,43656,78596,55,55,0,0,43712,78654,0,0,43712,78654,
All CA Counties,12/19/2020,25182,103833,25159,103755,23,78,0,0,25181,103834,1,1,25181,103835,
All CA Counties,12/20/2020,18919,122752,18890,122645,29,107,0,0,18918,122751,1,2,18918,122753,
All CA Counties,12/21/2020,49533,172285,49450,172095,83,190,0,0,49536,172286,1,3,49536,172289,
All CA Counties,12/22/2020,49814,222099,47706,219801,2108,2298,0,0,49812,222097,1,4,49812,222101,
All CA Counties,12/23/2020,50167,272266,41482,261283,8685,10983,0,0,50163,272260,0,4,50163,272264,
All CA Counties,12/24/2020,23997,296263,16311,277594,7686,18669,0,0,23994,296253,1,5,23994,296258,
All CA Counties,12/25/2020,2330,298593,2011,279605,319,18988,0,0,2330,298583,0,5,2330,298588,
All CA Counties,12/26/2020,14597,313190,9427,289032,5170,24158,0,0,14596,313178,1,6,14596,313184,
All CA Counties,12/27/2020,9387,322577,5565,294597,3822,27980,0,0,9386,322563,1,7,9386,322570,
All CA Counties,12/28/2020,45606,368183,29238,323835,16368,44348,0,0,45603,368163,3,10,45603,368173,
All CA Counties,12/29/2020,50968,419151,28489,352324,22479,66827,0,0,50964,419124,3,13,50964,419137,
All CA Counties,12/30/2020,62835,481986,35609,387933,27226,94053,0,0,62829,481950,3,16,62829,481966,
All CA Counties,12/31/2020,29158,511144,10739,398672,18419,112472,0,0,29152,511098,4,20,29152,511118,
All CA Counties,1/1/2021,3852,514996,1696,400368,2156,114628,0,0,3848,514944,2,22,3848,514966,
All CA Counties,1/2/2021,18406,533402,10211,410579,8195,122823,0,0,18405,533349,0,22,18405,533371,
All CA Counties,1/3/2021,6116,539518,3467,414046,2649,125472,0,0,6087,539424,12,34,6087,539458,
All CA Counties,1/4/2021,43265,582783,21893,435939,21372,146844,0,0,43187,582568,43,77,43187,582645,
All CA Counties,1/5/2021,56088,638871,29543,465482,26545,173389,0,0,50657,627934,5376,5453,50742,633387,
All CA Counties,1/6/2021,72784,711655,40276,505758,32508,205897,0,0,57539,670432,15069,20522,57567,690954,
All CA Counties,1/7/2021,91567,803222,52103,557861,39464,245361,0,0,61159,701383,30250,50772,61201,752155,
All CA Counties,1/8/2021,105961,909183,63885,621746,42076,287437,0,0,64959,725526,40872,91644,65015,817170,
All CA Counties,1/9/2021,43559,952742,25032,646778,18527,305964,0,0,27475,736958,16065,107709,27497,844667,
All CA Counties,1/10/2021,24190,976932,14805,661583,9385,315349,0,0,12982,738764,11192,118901,12998,857665,
All CA Counties,1/11/2021,103962,1080894,69201,730784,34761,350110,0,0,60320,755582,43603,162504,60421,918086,
All CA Counties,1/12/2021,112385,1193279,66361,797145,46024,396134,0,0,71480,786457,40825,203329,71700,989786,
All CA Counties,1/13/2021,118261,1311540,61255,858400,57006,453140,0,0,84753,837859,33423,236752,84825,1074611,
All CA Counties,1/14/2021,122899,1434439,49250,907650,73649,526789,0,0,103428,922057,19369,256121,103567,1178178,
All CA Counties,1/15/2021,141349,1575788,51963,959613,89386,616175,0,0,126383,1033741,14874,270995,126558,1304736,
All CA Counties,1/16/2021,80289,1656077,27363,986976,52926,669101,0,0,72771,1099068,7493,278488,72820,1377556,
All CA Counties,1/17/2021,47998,1704075,16760,1003736,31238,700339,0,0,44377,1139874,3614,282102,44420,1421976,
All CA Counties,1/18/2021,87523,1791598,45529,1049265,41994,742333,0,0,68409,1189397,19035,301137,68558,1490534,
All CA Counties,1/19/2021,140843,1932441,73283,1122548,67560,809893,0,0,109840,1268630,30911,332048,110144,1600678,
All CA Counties,1/20/2021,157807,2090248,80026,1202574,77781,887674,0,0,124752,1360740,32878,364926,124988,1725666,
All CA Counties,1/21/2021,171798,2262046,76004,1278578,95794,983468,0,0,153015,1495483,18584,383510,153327,1878993,
All CA Counties,1/22/2021,168303,2430349,68605,1347183,99698,1083166,0,0,154148,1635758,14028,397538,154303,2033296,
All CA Counties,1/23/2021,110888,2541237,49359,1396542,61529,1144695,0,0,98383,1721806,12446,409984,98494,2131790,
All CA Counties,1/24/2021,60827,2602064,29453,1425995,31374,1176069,0,0,56211,1773482,4587,414571,56263,2188053,
All CA Counties,1/25/2021,143529,2745593,64738,1490733,78791,1254860,0,0,108964,1848297,34483,449054,109298,2297351,
All CA Counties,1/26/2021,167410,2913003,82224,1572957,85186,1340046,0,0,130416,1942092,36872,485926,130667,2428018,
All CA Counties,1/27/2021,178927,3091930,87663,1660620,91264,1431310,0,0,140139,2043996,38430,524356,140334,2568352,
All CA Counties,1/28/2021,186275,3278205,85742,1746362,100533,1531843,0,0,152599,2163384,33401,557757,152789,2721141,
All CA Counties,1/29/2021,182221,3460426,87715,1834077,94506,1626349,0,0,147954,2277814,33713,591470,148143,2869284,
All CA Counties,1/30/2021,122539,3582965,55046,1889123,67493,1693842,0,0,107624,2370816,14758,606228,107760,2977044,
All CA Counties,1/31/2021,69090,3652055,38837,1927960,30253,1724095,0,0,64062,2429944,4983,611211,64111,3041155,
All CA Counties,2/1/2021,157770,3809825,72655,2000615,85115,1809210,0,0,119824,2512082,37811,649022,119949,3161104,
All CA Counties,2/2/2021,184985,3994810,79321,2079936,105664,1914874,0,0,139448,2606551,45194,694216,139663,3300767,
All CA Counties,2/3/2021,209502,4204312,94716,2174652,114786,2029660,0,0,156031,2709800,53003,747219,156252,3457019,
All CA Counties,2/4/2021,227031,4431343,99629,2274281,127402,2157062,0,0,166815,2817267,59686,806905,167153,3624172,
All CA Counties,2/5/2021,244737,4676080,106060,2380341,138677,2295739,0,0,166722,2907254,77268,884173,167255,3791427,
All CA Counties,2/6/2021,154270,4830350,74596,2454937,79674,2375413,0,0,119758,2993149,34348,918521,120243,3911670,
All CA Counties,2/7/2021,66513,4896863,42987,2497924,23526,2398939,0,0,50169,3027499,16261,934782,50611,3962281,
All CA Counties,2/8/2021,179529,5076392,88126,2586050,91403,2490342,0,0,118677,3086483,60411,995193,119395,4081676,
All CA Counties,2/9/2021,209795,5286187,101368,2687418,108427,2598769,0,0,126036,3130301,83338,1078531,127156,4208832,
All CA Counties,2/10/2021,247229,5533416,119315,2806733,127914,2726683,0,0,138049,3161404,108381,1186912,139484,4348316,
All CA Counties,2/11/2021,261736,5795152,129290,2936023,132446,2859129,0,0,143763,3189951,116968,1303880,145515,4493831,
All CA Counties,2/12/2021,270136,6065288,118322,3054345,151814,3010943,0,0,146295,3215453,123115,1426995,148617,4642448,
All CA Counties,2/13/2021,166063,6231351,76955,3131300,89108,3100051,0,0,91808,3235349,73845,1500840,93741,4736189,
All CA Counties,2/14/2021,95068,6326419,47393,3178693,47675,3147726,0,0,51532,3245165,43391,1544231,53207,4789396,
All CA Counties,2/15/2021,141184,6467603,62110,3240803,79074,3226800,0,0,78312,3264130,62535,1606766,81500,4870896,
All CA Counties,2/16/2021,246630,6714233,117300,3358103,129330,3356130,0,0,132368,3286007,113930,1720696,135807,5006703,
All CA Counties,2/17/2021,256049,6970282,127739,3485842,128310,3484440,0,0,127906,3289911,127664,1848360,131568,5138271,
All CA Counties,2/18/2021,268930,7239212,140381,3626223,128549,3612989,0,0,130640,3287573,137683,1986043,135345,5273616,
All CA Counties,2/19/2021,249078,7488290,144491,3770714,104587,3717576,0,0,129271,3299640,119378,2105421,131445,5405061,
All CA Counties,2/20/2021,150453,7638743,96717,3867431,53736,3771312,0,0,83179,3318058,67051,2172472,85469,5490530,
All CA Counties,2/21/2021,71786,7710529,57911,3925342,13875,3785187,0,0,35435,3319656,36152,2208624,37750,5528280,
All CA Counties,2/22/2021,161989,7872518,108808,4034150,53181,3838368,0,0,81197,3322875,80494,2289118,83713,5611993,
All CA Counties,2/23/2021,220716,8093234,116148,4150298,104568,3942936,0,0,102279,3314210,117928,2407046,109263,5721256,
All CA Counties,2/24/2021,279686,8372920,141026,4291324,138660,4081596,0,0,133199,3310138,145924,2552970,141852,5863108,
All CA Counties,2/25/2021,314517,8687437,153793,4445117,160724,4242320,0,0,164401,3334531,149490,2702460,173883,6036991,
All CA Counties,2/26/2021,348452,9035889,162296,4607413,186156,4428476,0,0,194946,3384103,152688,2855148,202260,6239251,
All CA Counties,2/27/2021,245167,9281056,117150,4724563,127998,4556474,19,19,138848,3421767,105779,2960927,143443,6382694,
All CA Counties,2/28/2021,129171,9410227,77118,4801681,52051,4608525,2,21,75719,3448197,53116,3014043,79546,6462240,
All CA Counties,3/1/2021,235204,9645431,124675,4926356,110492,4719017,37,58,135971,3490437,98659,3112702,140899,6603139,
All CA Counties,3/2/2021,273697,9919128,133227,5059583,140458,4859475,12,70,163128,3551298,110149,3222851,171010,6774149,
All CA Counties,3/3/2021,323937,10243065,159370,5218953,164533,5024008,34,104,185601,3607402,137746,3360597,193850,6967999,
All CA Counties,3/4/2021,340636,10583701,170258,5389211,170298,5194306,80,184,199992,3675077,139990,3500587,207665,7175664,
All CA Counties,3/5/2021,328877,10912578,160050,5549261,167728,5362034,1099,1283,203595,3762808,124573,3625160,212304,7387968,
All CA Counties,3/6/2021,252236,11164814,129457,5678718,115009,5477043,7770,9053,156709,3837390,95163,3720323,169745,7557713,
All CA Counties,3/7/2021,123698,11288512,75293,5754011,44387,5521430,4018,13071,76917,3876290,46629,3766952,85529,7643242,
All CA Counties,3/8/2021,213439,11501951,102417,5856428,100700,5622130,10322,23393,138874,3956237,74255,3841207,154202,7797444,
All CA Counties,3/9/2021,264065,11766016,114196,5970624,134135,5756265,15734,39127,142302,3998696,121356,3962563,163815,7961259,
All CA Counties,3/10/2021,311220,12077236,152790,6123414,134841,5891106,23589,62716,167398,4051973,143274,4105837,196551,8157810,
All CA Counties,3/11/2021,369417,12446653,178037,6301451,158810,6049916,32570,95286,190001,4101401,178597,4284434,228025,8385835,
All CA Counties,3/12/2021,385568,12832221,171060,6472511,168829,6218745,45679,140965,188331,4142932,196543,4480977,238074,8623909,
All CA Counties,3/13/2021,277310,13109531,121189,6593700,125472,6344217,30649,171614,149719,4200403,127200,4608177,184671,8808580,
All CA Counties,3/14/2021,151546,13261077,81165,6674865,55621,6399838,14760,186374,81583,4229416,69723,4677900,98736,8907316,
All CA Counties,3/15/2021,286310,13547387,136088,6810953,129964,6529802,20258,206632,156435,4280302,129243,4807143,180129,9087445,
All CA Counties,3/16/2021,365026,13912413,170443,6981396,177542,6707344,17044,223676,213727,4364305,150672,4957815,234675,9322120,
All CA Counties,3/17/2021,376707,14289120,186013,7167409,172537,6879881,18157,241833,234011,4477449,142026,5099841,255170,9577290,
All CA Counties,3/18/2021,390746,14679866,198732,7366141,174365,7054246,17649,259482,234434,4577329,155360,5255201,255240,9832530,
All CA Counties,3/19/2021,400099,15079965,209228,7575369,169595,7223841,21276,280758,234826,4671511,164452,5419653,258634,10091164,
All CA Counties,3/20/2021,288093,15368058,150954,7726323,121749,7345590,15390,296148,185178,4771678,102348,5522001,202515,10293679,
All CA Counties,3/21/2021,140809,15508867,96937,7823260,36492,7382082,7380,303528,88955,4819192,51591,5573592,99105,10392784,
All CA Counties,3/22/2021,267271,15776138,155816,7979076,100662,7482744,10793,314321,177017,4920888,89674,5663266,191370,10584154,
All CA Counties,3/23/2021,350259,16126397,192053,8171129,147590,7630334,10616,324937,226393,5037610,123107,5786373,239829,10823983,
All CA Counties,3/24/2021,379905,16506302,217907,8389036,149990,7780324,12008,336945,224605,5123219,154298,5940671,239907,11063890,
All CA Counties,3/25/2021,406864,16913166,223450,8612486,169272,7949596,14142,351087,234967,5203750,170784,6111455,251315,11315205,
All CA Counties,3/26/2021,423276,17336442,225414,8837900,182162,8131758,15700,366787,234171,5268571,188065,6299520,252886,11568091,
All CA Counties,3/27/2021,304733,17641175,161688,8999588,131826,8263584,11219,378006,156832,5291691,147211,6446731,170331,11738422,
All CA Counties,3/28/2021,165451,17806626,105679,9105267,56210,8319794,3562,381568,90658,5313374,74454,6521185,96137,11834559,
All CA Counties,3/29/2021,303996,18110622,163847,9269114,131804,8451598,8345,389913,173990,5368820,129391,6650576,184837,12019396,
All CA Counties,3/30/2021,389505,18500127,196593,9465707,175801,8627399,17111,407024,238125,5475162,150743,6801319,257085,12276481,
All CA Counties,3/31/2021,416917,18917044,226703,9692410,169290,8796689,20924,427948,241016,5563109,175106,6976425,263053,12539534,
All CA Counties,4/1/2021,476750,19393794,244027,9936437,194382,8991071,38341,466289,265666,5658238,210203,7186628,305332,12844866,
All CA Counties,4/2/2021,458751,19852545,223841,10160278,193734,9184805,41176,507465,251263,5745944,206450,7393078,294156,13139022,
All CA Counties,4/3/2021,319953,20172498,162236,10322514,117834,9302639,39883,547348,161077,5790035,158344,7551422,202435,13341457,
All CA Counties,4/4/2021,130736,20303234,68182,10390696,43843,9346482,18711,566059,58387,5795247,72145,7623567,77357,13418814,
All CA Counties,4/5/2021,343515,20646749,178308,10569004,126694,9473176,38513,604572,172497,5838550,170513,7794080,213816,13632630,
All CA Counties,4/6/2021,448916,21095665,228001,10797005,156645,9629821,64270,668842,219996,5897275,228156,8022236,286881,13919511,
All CA Counties,4/7/2021,462974,21558639,240949,11037954,153503,9783324,68522,737364,227642,5961266,234538,8256774,298529,14218040,
All CA Counties,4/8/2021,487881,22046520,247218,11285172,158419,9941743,82244,819608,231879,6022822,255056,8511830,316612,14534652,
All CA Counties,4/9/2021,478753,22525273,238508,11523680,162465,10104208,77780,897388,222533,6071431,255336,8767166,303945,14838597,
All CA Counties,4/10/2021,355665,22880938,163224,11686904,120137,10224345,72304,969692,150535,6092768,204538,8971704,225875,15064472,
All CA Counties,4/11/2021,182163,23063101,102400,11789304,46529,10270874,33234,1002926,75820,6099358,106058,9077762,112648,15177120,
All CA Counties,4/12/2021,332940,23396041,171922,11961226,124434,10395308,36584,1039510,155704,6118797,176428,9254190,195867,15372987,
All CA Counties,4/13/2021,422484,23818525,236217,12197443,185396,10580704,871,1040381,236438,6174804,185190,9439380,241197,15614184,
All CA Counties,4/14/2021,437204,24255729,246086,12443529,190870,10771574,248,1040629,230429,6205875,205783,9645163,236854,15851038,
All CA Counties,4/15/2021,473296,24729025,276732,12720261,196356,10967930,208,1040837,266865,6272482,205213,9850376,271820,16122858,
All CA Counties,4/16/2021,456682,25185707,257279,12977540,199114,11167044,289,1041126,246175,6312439,209481,10059857,249438,16372296,
All CA Counties,4/17/2021,324547,25510254,184222,13161762,140304,11307348,21,1041147,184858,6362182,139063,10198920,188806,16561102,
All CA Counties,4/18/2021,149568,25659822,94178,13255940,55377,11362725,13,1041160,77910,6372430,71335,10270255,81583,16642685,
All CA Counties,4/19/2021,308043,25967865,177770,13433710,130181,11492906,92,1041252,146021,6360359,161298,10431553,149227,16791912,
All CA Counties,4/20/2021,392140,26360005,207487,13641197,184613,11677519,40,1041292,195959,6366702,195335,10626888,201678,16993590,
All CA Counties,4/21/2021,386196,26746201,219595,13860792,166351,11843870,250,1041542,180094,6348117,205005,10831893,186420,17180010,
All CA Counties,4/22/2021,351755,27097956,203712,14064504,147991,11991861,52,1041594,154956,6314642,195843,11027736,162368,17342378,
All CA Counties,4/23/2021,202619,27300575,121666,14186170,80884,12072745,69,1041663,96173,6313166,105851,11133587,104375,17446753,
All CA and Non-CA Counties,12/15/2020,1138,1138,1138,1138,0,0,0,0,1138,1138,0,0,1138,1138,
All CA and Non-CA Counties,12/16/2020,8379,9517,8379,9517,0,0,0,0,8379,9517,0,0,8379,9517,
All CA and Non-CA Counties,12/17/2020,27302,36819,27302,36819,0,0,0,0,27302,36819,0,0,27302,36819,
All CA and Non-CA Counties,12/18/2020,46290,83109,46228,83047,62,62,0,0,46290,83109,0,0,46290,83109,
All CA and Non-CA Counties,12/19/2020,26306,109415,26282,109329,24,86,0,0,26305,109413,1,1,26305,109414,
All CA and Non-CA Counties,12/20/2020,19619,129034,19588,128917,31,117,0,0,19618,129030,1,2,19618,129032,
All CA and Non-CA Counties,12/21/2020,51754,180788,51667,180584,87,204,0,0,51752,180781,1,3,51752,180784,
All CA and Non-CA Counties,12/22/2020,51888,232676,49707,230291,2181,2385,0,0,51886,232666,1,4,51886,232670,
All CA and Non-CA Counties,12/23/2020,51721,284397,42901,273192,8820,11205,0,0,51717,284383,0,4,51717,284387,
All CA and Non-CA Counties,12/24/2020,24804,309201,16926,290118,7878,19083,0,0,24801,309183,1,5,24801,309188,
All CA and Non-CA Counties,12/25/2020,2363,311564,2040,292158,323,19406,0,0,2363,311546,0,5,2363,311551,
All CA and Non-CA Counties,12/26/2020,14906,326470,9632,301790,5274,24680,0,0,14905,326450,1,6,14905,326456,
All CA and Non-CA Counties,12/27/2020,9573,336043,5637,307427,3936,28616,0,0,9572,336021,1,7,9572,336028,
All CA and Non-CA Counties,12/28/2020,47033,383076,30147,337574,16886,45502,0,0,47030,383048,3,10,47030,383058,
All CA and Non-CA Counties,12/29/2020,52527,435603,29511,367085,23016,68518,0,0,52523,435568,3,13,52523,435581,
All CA and Non-CA Counties,12/30/2020,64817,500420,36898,403983,27919,96437,0,0,64809,500374,3,16,64809,500390,
All CA and Non-CA Counties,12/31/2020,30286,530706,11337,415320,18949,115386,0,0,30277,530646,5,21,30277,530667,
All CA and Non-CA Counties,1/1/2021,3963,534669,1719,417039,2244,117630,0,0,3959,534603,2,23,3959,534626,
All CA and Non-CA Counties,1/2/2021,18648,553317,10344,427383,8304,125934,0,0,18646,553248,1,24,18646,553272,
All CA and Non-CA Counties,1/3/2021,6286,559603,3557,430940,2729,128663,0,0,6257,559493,12,36,6257,559529,
All CA and Non-CA Counties,1/4/2021,44415,604018,22404,453344,22011,150674,0,0,44332,603782,43,79,44332,603861,
All CA and Non-CA Counties,1/5/2021,57633,661651,30357,483701,27276,177950,0,0,52011,650313,5565,5644,52096,655957,
All CA and Non-CA Counties,1/6/2021,75533,737184,41909,525610,33624,211574,0,0,59525,694038,15828,21472,59553,715510,
All CA and Non-CA Counties,1/7/2021,95837,833021,54759,580369,41078,252652,0,0,63731,725867,31946,53418,63775,779285,
All CA and Non-CA Counties,1/8/2021,110519,943540,66838,647207,43681,296333,0,0,67612,750771,42767,96185,67671,846956,
All CA and Non-CA Counties,1/9/2021,44886,988426,25565,672772,19321,315654,0,0,28475,762879,16391,112576,28499,875455,
All CA and Non-CA Counties,1/10/2021,24491,1012917,14984,687756,9507,325161,0,0,13163,764746,11312,123888,13179,888634,
All CA and Non-CA Counties,1/11/2021,107312,1120229,71254,759010,36058,361219,0,0,62313,782201,44959,168847,62414,951048,
All CA and Non-CA Counties,1/12/2021,116275,1236504,68684,827694,47591,408810,0,0,73821,813874,42370,211217,74043,1025091,
All CA and Non-CA Counties,1/13/2021,121966,1358470,63065,890759,58901,467711,0,0,87283,866632,34599,245816,87357,1112448,
All CA and Non-CA Counties,1/14/2021,126686,1485156,50534,941293,76152,543863,0,0,106568,953337,20003,265819,106708,1219156,
All CA and Non-CA Counties,1/15/2021,145678,1630834,52961,994254,92717,636580,0,0,130241,1068421,15332,281151,130416,1349572,
All CA and Non-CA Counties,1/16/2021,82997,1713831,27750,1022004,55247,691827,0,0,75309,1136118,7661,288812,75358,1424930,
All CA and Non-CA Counties,1/17/2021,48497,1762328,16909,1038913,31588,723415,0,0,44827,1177325,3663,292475,44870,1469800,
All CA and Non-CA Counties,1/18/2021,88782,1851110,46357,1085270,42425,765840,0,0,69208,1227189,19494,311969,69358,1539158,
All CA and Non-CA Counties,1/19/2021,144927,1996037,74619,1159889,70308,836148,0,0,113030,1308721,31804,343773,113336,1652494,
All CA and Non-CA Counties,1/20/2021,162303,2158340,81508,1241397,80795,916943,0,0,128263,1403360,33861,377634,128500,1780994,
All CA and Non-CA Counties,1/21/2021,176014,2334354,77174,1318571,98840,1015783,0,0,156668,1541206,19134,396768,156980,1937974,
All CA and Non-CA Counties,1/22/2021,172985,2507339,69719,1388290,103266,1119049,0,0,158436,1685380,14418,411186,158592,2096566,
All CA and Non-CA Counties,1/23/2021,113160,2620499,49697,1437987,63463,1182512,0,0,100491,1773372,12610,423796,100602,2197168,
All CA and Non-CA Counties,1/24/2021,61435,2681934,29701,1467688,31734,1214246,0,0,56742,1825501,4665,428461,56794,2253962,
All CA and Non-CA Counties,1/25/2021,148021,2829955,66716,1534404,81305,1295551,0,0,112586,1903071,35351,463812,112921,2366883,
All CA and Non-CA Counties,1/26/2021,173476,3003431,85219,1619623,88257,1383808,0,0,135636,2001245,37720,501532,135894,2502777,
All CA and Non-CA Counties,1/27/2021,183766,3187197,90356,1709979,93410,1477218,0,0,144366,2106769,39038,540570,144562,2647339,
All CA and Non-CA Counties,1/28/2021,191581,3378778,88658,1798637,102923,1580141,0,0,157319,2230300,33979,574549,157510,2804849,
All CA and Non-CA Counties,1/29/2021,187188,3565966,90846,1889483,96342,1676483,0,0,152145,2348145,34490,609039,152335,2957184,
All CA and Non-CA Counties,1/30/2021,126897,3692863,57355,1946838,69542,1746025,0,0,111758,2445057,14982,624021,111894,3069078,
All CA and Non-CA Counties,1/31/2021,72283,3765146,41611,1988449,30672,1776697,0,0,67203,2507274,5036,629057,67253,3136331,
All CA and Non-CA Counties,2/1/2021,163296,3928442,75261,2063710,88035,1864732,0,0,124642,2593526,38515,667572,124767,3261098,
All CA and Non-CA Counties,2/2/2021,191826,4120268,81556,2145266,110270,1975002,0,0,145562,2693390,45913,713485,145777,3406875,
All CA and Non-CA Counties,2/3/2021,216885,4337153,96849,2242115,120036,2095038,0,0,162536,2802276,53872,767357,162758,3569633,
All CA and Non-CA Counties,2/4/2021,233892,4571045,101858,2343973,132034,2227072,0,0,172687,2914636,60665,828022,173025,3742658,
All CA and Non-CA Counties,2/5/2021,251576,4822621,108286,2452259,143290,2370362,0,0,172494,3009329,78334,906356,173027,3915685,
All CA and Non-CA Counties,2/6/2021,158740,4981361,76781,2529040,81959,2452321,0,0,123769,3098785,34801,941157,124257,4039942,
All CA and Non-CA Counties,2/7/2021,68693,5050054,44784,2573824,23909,2476230,0,0,52269,3135157,16341,957498,52713,4092655,
All CA and Non-CA Counties,2/8/2021,184819,5234873,91450,2665274,93369,2569599,0,0,122873,3197253,61495,1018993,123591,4216246,
All CA and Non-CA Counties,2/9/2021,214092,5448965,103285,2768559,110807,2680406,0,0,129014,3242753,84648,1103641,130148,4346394,
All CA and Non-CA Counties,2/10/2021,252803,5701768,121204,2889763,131599,2812005,0,0,141153,3274539,110844,1214485,142630,4489024,
All CA and Non-CA Counties,2/11/2021,266542,5968310,131520,3021283,135022,2947027,0,0,147227,3305232,118303,1332788,148996,4638020,
All CA and Non-CA Counties,2/12/2021,275397,6243707,120284,3141567,155113,3102140,0,0,149716,3332321,124953,1457741,152042,4790062,
All CA and Non-CA Counties,2/13/2021,168472,6412179,77651,3219218,90821,3192961,0,0,93674,3353550,74390,1532131,95619,4885681,
All CA and Non-CA Counties,2/14/2021,96399,6508578,47795,3267013,48604,3241565,0,0,52622,3364221,43628,1575759,54299,4939980,
All CA and Non-CA Counties,2/15/2021,143727,6652305,63659,3330672,80068,3321633,0,0,79537,3383114,63836,1639595,82729,5022709,
All CA and Non-CA Counties,2/16/2021,253173,6905478,120290,3450962,132883,3454516,0,0,135015,3403756,117816,1757411,138458,5161167,
All CA and Non-CA Counties,2/17/2021,261967,7167445,130686,3581648,131281,3585797,0,0,129745,3405430,131737,1889148,133411,5294578,
All CA and Non-CA Counties,2/18/2021,275370,7442815,144115,3725763,131255,3717052,0,0,132672,3400734,142074,2031222,137378,5431956,
All CA and Non-CA Counties,2/19/2021,254959,7697774,148616,3874379,106343,3823395,0,0,131742,3411869,122782,2154004,133917,5565873,
All CA and Non-CA Counties,2/20/2021,153702,7851476,99308,3973687,54394,3877789,0,0,84378,3429441,69097,2223101,86669,5652542,
All CA and Non-CA Counties,2/21/2021,73590,7925066,59499,4033186,14091,3891880,0,0,36058,3430485,37329,2260430,38373,5690915,
All CA and Non-CA Counties,2/22/2021,165456,8090522,111350,4144536,54106,3945986,0,0,82825,3433498,82333,2342763,85346,5776261,
All CA and Non-CA Counties,2/23/2021,226636,8317158,119440,4263976,107196,4053182,0,0,104606,3423586,121516,2464279,111604,5887865,
All CA and Non-CA Counties,2/24/2021,286072,8603230,144550,4408526,141522,4194704,0,0,135708,3418156,149796,2614075,144366,6032231,
All CA and Non-CA Counties,2/25/2021,321498,8924728,157357,4565883,164141,4358845,0,0,167557,3441915,153284,2767359,177043,6209274,
All CA and Non-CA Counties,2/26/2021,355297,9280025,165932,4731815,189365,4548210,0,0,198148,3491125,156253,2923612,205463,6414737,
All CA and Non-CA Counties,2/27/2021,250481,9530506,119719,4851534,130742,4678952,20,20,140706,3527206,109224,3032836,145305,6560042,
All CA and Non-CA Counties,2/28/2021,131605,9662111,78895,4930429,52708,4731660,2,22,76522,3552812,54744,3087580,80350,6640392,
All CA and Non-CA Counties,3/1/2021,239957,9902068,127630,5058059,112290,4843950,37,59,137292,3592953,102084,3189664,142225,6782617,
All CA and Non-CA Counties,3/2/2021,279881,10181949,135217,5193276,144652,4988602,12,71,164993,3651369,114460,3304124,172876,6955493,
All CA and Non-CA Counties,3/3/2021,331694,10513643,162327,5355603,169331,5157933,36,107,188195,3704920,142899,3447023,196450,7151943,
All CA and Non-CA Counties,3/4/2021,347395,10861038,173124,5528727,174187,5332120,84,191,202336,3770546,144389,3591412,210015,7361958,
All CA and Non-CA Counties,3/5/2021,333954,11194992,162509,5691236,170332,5502452,1113,1304,206204,3858439,127041,3718453,214934,7576892,
All CA and Non-CA Counties,3/6/2021,256857,11451849,131595,5822831,117334,5619786,7928,9232,159062,3933274,97429,3815882,172264,7749156,
All CA and Non-CA Counties,3/7/2021,125251,11577100,76273,5899104,44907,5664693,4071,13303,77848,3972539,47249,3863131,86514,7835670,
All CA and Non-CA Counties,3/8/2021,216408,11793508,104116,6003220,101721,5766414,10571,23874,140934,4053919,75136,3938267,156516,7992186,
All CA and Non-CA Counties,3/9/2021,268371,12061879,116239,6119459,136076,5902490,16056,39930,144737,4097267,123224,4061491,166572,8158758,
All CA and Non-CA Counties,3/10/2021,315325,12377204,154629,6274088,136599,6039089,24097,64027,169843,4151851,144927,4206418,199511,8358269,
All CA and Non-CA Counties,3/11/2021,375370,12752574,180955,6455043,161158,6200247,33257,97284,193144,4202306,181401,4387819,231856,8590125,
All CA and Non-CA Counties,3/12/2021,391775,13144349,174692,6629735,170673,6370920,46410,143694,191637,4244983,199435,4587254,242112,8832237,
All CA and Non-CA Counties,3/13/2021,281041,13425390,123332,6753067,126594,6497514,31115,174809,152310,4304380,128334,4715588,187731,9019968,
All CA and Non-CA Counties,3/14/2021,153314,13578704,82064,6835131,56162,6553676,15088,189897,82632,4334052,70442,4786030,100114,9120082,
All CA and Non-CA Counties,3/15/2021,290263,13868967,138132,6973263,131441,6685117,20690,210587,158541,4385636,131087,4917117,182671,9302753,
All CA and Non-CA Counties,3/16/2021,372311,14241278,174591,7147854,180306,6865423,17417,228004,217708,4470691,153973,5071090,239028,9541781,
All CA and Non-CA Counties,3/17/2021,384777,14626055,191093,7338947,175162,7040585,18522,246526,238742,4585597,145361,5216451,260267,9802048,
All CA and Non-CA Counties,3/18/2021,398730,15024785,203543,7542490,177009,7217594,18178,264704,238997,4687157,158772,5375223,260332,10062380,
All CA and Non-CA Counties,3/19/2021,407443,15432228,213597,7756087,172024,7389618,21822,286526,239281,4783451,167345,5542568,263639,10326019,
All CA and Non-CA Counties,3/20/2021,292796,15725024,154020,7910107,123296,7512914,15480,302006,188795,4886244,103430,5645998,206223,10532242,
All CA and Non-CA Counties,3/21/2021,142832,15867856,98301,8008408,37064,7549978,7467,309473,90580,4935076,51986,5697984,100818,10633060,
All CA and Non-CA Counties,3/22/2021,270516,16138372,157761,8166169,101873,7651851,10882,320355,179255,5038102,90671,5788655,193697,10826757,
All CA and Non-CA Counties,3/23/2021,356282,16494654,195111,8361280,150280,7802131,10891,331246,230635,5157575,124875,5913530,244348,11071105,
All CA and Non-CA Counties,3/24/2021,387180,16881834,221618,8582898,153129,7955260,12433,343679,229742,5246606,156436,6069966,245467,11316572,
All CA and Non-CA Counties,3/25/2021,415035,17296869,227174,8810072,173233,8128493,14628,358307,241100,5331727,172813,6242779,257934,11574506,
All CA and Non-CA Counties,3/26/2021,429914,17726783,228863,9038935,185178,8313671,15873,374180,238719,5399202,190131,6432910,257606,11832112,
All CA and Non-CA Counties,3/27/2021,310096,18036879,164754,9203689,134025,8447696,11317,385497,160292,5423980,149108,6582018,173886,12005998,
All CA and Non-CA Counties,3/28/2021,168503,18205382,107291,9310980,57493,8505189,3719,389216,92715,5446888,75443,6657461,98351,12104349,
All CA and Non-CA Counties,3/29/2021,308985,18514367,166016,9476996,134282,8639471,8687,397903,177029,5503769,131338,6788799,188219,12292568,
All CA and Non-CA Counties,3/30/2021,396250,18910617,200054,9677050,178545,8818016,17651,415554,242394,5612463,153209,6942008,261903,12554471,
All CA and Non-CA Counties,3/31/2021,423129,19333746,230374,9907424,171074,8989090,21681,437235,244614,5702153,177718,7119726,267408,12821879,
All CA and Non-CA Counties,4/1/2021,483944,19817690,248199,10155623,196783,9185873,38962,476197,269937,5799255,213120,7332846,310222,13132101,
All CA and Non-CA Counties,4/2/2021,467010,20284700,228080,10383703,196625,9382498,42305,518502,255749,5888810,210217,7543063,299772,13431873,
All CA and Non-CA Counties,4/3/2021,326120,20610820,165848,10549551,119242,9501740,41030,559532,164361,5934454,161222,7704285,206866,13638739,
All CA and Non-CA Counties,4/4/2021,132555,20743375,69088,10618639,44518,9546258,18949,578481,59417,5940146,72933,7777218,78625,13717364,
All CA and Non-CA Counties,4/5/2021,347460,21090835,180204,10798843,128095,9674353,39161,617642,174418,5983998,172534,7949752,216386,13933750,
All CA and Non-CA Counties,4/6/2021,455552,21546387,231449,11030292,158287,9832640,65816,683458,222651,6042954,232124,8181876,291080,14224830,
All CA and Non-CA Counties,4/7/2021,470748,22017135,245304,11275596,155264,9987904,70180,753638,230836,6107216,239110,8420986,303372,14528202,
All CA and Non-CA Counties,4/8/2021,495671,22512806,251251,11526847,160275,10148179,84145,837783,235045,6169216,259672,8680658,321672,14849874,
All CA and Non-CA Counties,4/9/2021,486159,22998965,242273,11769120,164178,10312357,79708,917491,225561,6218411,259709,8940367,308904,15158778,
All CA and Non-CA Counties,4/10/2021,361689,23360654,166248,11935368,121270,10433627,74171,991662,152258,6239040,208835,9149202,229464,15388242,
All CA and Non-CA Counties,4/11/2021,185011,23545665,103934,12039302,47209,10480836,33868,1025530,76863,6245504,107862,9257064,114326,15502568,
All CA and Non-CA Counties,4/12/2021,336869,23882534,174108,12213410,125660,10606496,37101,1062631,157536,6265199,178521,9435585,198216,15700784,
All CA and Non-CA Counties,4/13/2021,428044,24310578,239737,12453147,187410,10793906,897,1063528,239239,6321280,187944,9623529,244025,15944809,
All CA and Non-CA Counties,4/14/2021,442345,24752923,249333,12702480,192762,10986668,250,1063778,233224,6352807,208124,9831653,239651,16184460,
All CA and Non-CA Counties,4/15/2021,479240,25232163,280357,12982837,198668,11185336,215,1063993,270100,6420000,207870,10039523,275063,16459523,
All CA and Non-CA Counties,4/16/2021,462494,25694657,260651,13243488,201548,11386884,295,1064288,249550,6460908,211912,10251435,252820,16712343,
All CA and Non-CA Counties,4/17/2021,329603,26024260,187229,13430717,142352,11529236,22,1064310,187786,6511459,141184,10392619,191735,16904078,
All CA and Non-CA Counties,4/18/2021,151663,26175923,95333,13526050,56316,11585552,14,1064324,78913,6521626,72421,10465040,82588,16986666,
All CA and Non-CA Counties,4/19/2021,312092,26488015,179667,13705717,132332,11717884,93,1064417,148125,6509727,163233,10628273,151334,17138000,
All CA and Non-CA Counties,4/20/2021,397620,26885635,210078,13915795,187502,11905386,40,1064457,198439,6515557,198328,10826601,204158,17342158,
All CA and Non-CA Counties,4/21/2021,392881,27278516,222565,14138360,170064,12075450,252,1064709,182785,6495683,208989,11035590,189115,17531273,
All CA and Non-CA Counties,4/22/2021,359355,27637871,207890,14346250,151410,12226860,55,1064764,158402,6461516,199987,11235577,165820,17697093,
All CA and Non-CA Counties,4/23/2021,205854,27843725,122872,14469122,82912,12309772,70,1064834,97589,6459656,107659,11343236,105799,17802892,
Outside California,12/15/2020,7,7,7,7,0,0,0,0,7,7,0,0,7,7,Not in California
Outside California,12/16/2020,269,276,269,276,0,0,0,0,269,276,0,0,269,276,Not in California
Outside California,12/17/2020,1601,1877,1601,1877,0,0,0,0,1601,1877,0,0,1601,1877,Not in California
Outside California,12/18/2020,2569,4446,2562,4439,7,7,0,0,2569,4446,0,0,2569,4446,Not in California
Outside California,12/19/2020,1043,5489,1042,5481,1,8,0,0,1043,5489,0,0,1043,5489,Not in California
Outside California,12/20/2020,676,6165,674,6155,2,10,0,0,676,6165,0,0,676,6165,Not in California
Outside California,12/21/2020,2216,8381,2212,8367,4,14,0,0,2216,8381,0,0,2216,8381,Not in California
Outside California,12/22/2020,2071,10452,1998,10365,73,87,0,0,2071,10452,0,0,2071,10452,Not in California
Outside California,12/23/2020,1554,12006,1419,11784,135,222,0,0,1554,12006,0,0,1554,12006,Not in California
Outside California,12/24/2020,807,12813,615,12399,192,414,0,0,807,12813,0,0,807,12813,Not in California
Outside California,12/25/2020,33,12846,29,12428,4,418,0,0,33,12846,0,0,33,12846,Not in California
Outside California,12/26/2020,308,13154,204,12632,104,522,0,0,308,13154,0,0,308,13154,Not in California
Outside California,12/27/2020,186,13340,72,12704,114,636,0,0,186,13340,0,0,186,13340,Not in California
Outside California,12/28/2020,1423,14763,905,13609,518,1154,0,0,1423,14763,0,0,1423,14763,Not in California
Outside California,12/29/2020,1556,16319,1019,14628,537,1691,0,0,1556,16319,0,0,1556,16319,Not in California
Outside California,12/30/2020,1924,18243,1234,15862,690,2381,0,0,1924,18243,0,0,1924,18243,Not in California
Outside California,12/31/2020,1125,19368,598,16460,527,2908,0,0,1124,19366,1,1,1124,19367,Not in California
Outside California,1/1/2021,111,19479,23,16483,88,2996,0,0,111,19477,0,1,111,19478,Not in California
Outside California,1/2/2021,241,19720,133,16616,108,3104,0,0,240,19716,1,2,240,19718,Not in California
Outside California,1/3/2021,170,19890,90,16706,80,3184,0,0,170,19886,0,2,170,19888,Not in California
Outside California,1/4/2021,1147,21037,508,17214,639,3823,0,0,1143,21029,0,2,1143,21031,Not in California
Outside California,1/5/2021,1543,22580,814,18028,729,4552,0,0,1352,22192,189,191,1352,22383,Not in California
Outside California,1/6/2021,2718,25298,1604,19632,1114,5666,0,0,1980,23437,735,926,1980,24363,Not in California
Outside California,1/7/2021,4160,29458,2549,22181,1611,7277,0,0,2500,24281,1658,2584,2502,26865,Not in California
Outside California,1/8/2021,4532,33990,2932,25113,1600,8877,0,0,2648,25058,1874,4458,2651,29516,Not in California
Outside California,1/9/2021,1324,35314,531,25644,793,9670,0,0,996,25730,326,4784,998,30514,Not in California
Outside California,1/10/2021,301,35615,179,25823,122,9792,0,0,181,25791,120,4904,181,30695,Not in California
Outside California,1/11/2021,3328,38943,2031,27854,1297,11089,0,0,1975,26413,1353,6257,1975,32670,Not in California
Outside California,1/12/2021,3881,42824,2316,30170,1565,12654,0,0,2334,27204,1544,7801,2335,35005,Not in California
Outside California,1/13/2021,3694,46518,1799,31969,1895,14549,0,0,2518,28548,1176,8977,2520,37525,Not in California
Outside California,1/14/2021,3783,50301,1281,33250,2502,17051,0,0,3136,31051,634,9611,3137,40662,Not in California
Outside California,1/15/2021,4325,54626,995,34245,3330,20381,0,0,3854,34447,458,10069,3854,44516,Not in California
Outside California,1/16/2021,2701,57327,380,34625,2321,22702,0,0,2532,36812,167,10236,2532,47048,Not in California
Outside California,1/17/2021,496,57823,146,34771,350,23052,0,0,447,37210,49,10285,447,47495,Not in California
Outside California,1/18/2021,1204,59027,773,35544,431,23483,0,0,746,37500,457,10742,747,48242,Not in California
Outside California,1/19/2021,4061,63088,1314,36858,2747,26230,0,0,3169,39779,892,11634,3171,51413,Not in California
Outside California,1/20/2021,4417,67505,1403,38261,3014,29244,0,0,3484,42333,931,12565,3485,54898,Not in California
Outside California,1/21/2021,4156,71661,1112,39373,3044,32288,0,0,3591,45374,550,13115,3591,58489,Not in California
Outside California,1/22/2021,4642,76303,1079,40452,3563,35851,0,0,4248,49233,390,13505,4249,62738,Not in California
Outside California,1/23/2021,2259,78562,331,40783,1928,37779,0,0,2095,51164,164,13669,2095,64833,Not in California
Outside California,1/24/2021,606,79168,246,41029,360,38139,0,0,528,51614,78,13747,528,65361,Not in California
Outside California,1/25/2021,4471,83639,1960,42989,2511,40650,0,0,3604,54354,865,14612,3605,68966,Not in California
Outside California,1/26/2021,5967,89606,2900,45889,3067,43717,0,0,5118,58631,848,15460,5125,74091,Not in California
Outside California,1/27/2021,4822,94428,2676,48565,2146,45863,0,0,4211,62236,607,16067,4212,78303,Not in California
Outside California,1/28/2021,5151,99579,2764,51329,2387,48250,0,0,4622,66341,518,16585,4623,82926,Not in California
Outside California,1/29/2021,4819,104398,2984,54313,1835,50085,0,0,4039,69605,776,17361,4040,86966,Not in California
Outside California,1/30/2021,4348,108746,2301,56614,2047,52132,0,0,4121,73503,223,17584,4121,91087,Not in California
Outside California,1/31/2021,3177,111923,2758,59372,419,52551,0,0,3125,76577,52,17636,3126,94213,Not in California
Outside California,2/1/2021,5490,117413,2572,61944,2918,55469,0,0,4797,80687,687,18323,4797,99010,Not in California
Outside California,2/2/2021,6772,124185,2168,64112,4604,60073,0,0,6051,86024,714,19037,6051,105061,Not in California
Outside California,2/3/2021,7334,131519,2087,66199,5247,65320,0,0,6468,91635,858,19895,6469,111530,Not in California
Outside California,2/4/2021,6800,138319,2173,68372,4627,69947,0,0,5816,96477,974,20869,5816,117346,Not in California
Outside California,2/5/2021,6819,145138,2213,70585,4606,74553,0,0,5756,101174,1059,21928,5756,123102,Not in California
Outside California,2/6/2021,4451,149589,2171,72756,2280,76833,0,0,3996,104727,446,22374,3999,127101,Not in California
Outside California,2/7/2021,2172,151761,1789,74545,383,77216,0,0,2094,106745,78,22452,2096,129197,Not in California
Outside California,2/8/2021,5237,156998,3274,77819,1963,79179,0,0,4183,109884,1044,23496,4183,133380,Not in California
Outside California,2/9/2021,4277,161275,1898,79717,2379,81558,0,0,2973,111576,1295,24791,2987,136367,Not in California
Outside California,2/10/2021,5539,166814,1859,81576,3680,85238,0,0,3095,112276,2437,27228,3137,139504,Not in California
Outside California,2/11/2021,4713,171527,2138,83714,2575,87813,0,0,3421,114430,1284,28512,3438,142942,Not in California
Outside California,2/12/2021,5214,176741,1924,85638,3290,91103,0,0,3403,116032,1805,30317,3407,146349,Not in California
Outside California,2/13/2021,2394,179135,693,86331,1701,92804,0,0,1849,117349,544,30861,1861,148210,Not in California
Outside California,2/14/2021,1324,180459,401,86732,923,93727,0,0,1085,118200,236,31097,1087,149297,Not in California
Outside California,2/15/2021,2500,182959,1512,88244,988,94715,0,0,1196,118111,1289,32386,1200,150497,Not in California
Outside California,2/16/2021,6438,189397,2894,91138,3544,98259,0,0,2616,116919,3812,36198,2620,153117,Not in California
Outside California,2/17/2021,5908,195305,2939,94077,2969,101228,0,0,1835,114690,4068,40266,1839,154956,Not in California
Outside California,2/18/2021,6335,201640,3634,97711,2701,103929,0,0,2013,112399,4305,44571,2014,156970,Not in California
Outside California,2/19/2021,5684,207324,3934,101645,1750,105679,0,0,2413,111547,3266,47837,2414,159384,Not in California
Outside California,2/20/2021,3237,210561,2586,104231,651,106330,0,0,1194,110701,2041,49878,1195,160579,Not in California
Outside California,2/21/2021,1786,212347,1570,105801,216,106546,0,0,619,110157,1163,51041,619,161198,Not in California
Outside California,2/22/2021,3458,215805,2533,108334,925,107471,0,0,1622,109948,1836,52877,1627,162825,Not in California
Outside California,2/23/2021,5858,221663,3242,111576,2616,110087,0,0,2312,108733,3541,56418,2326,165151,Not in California
Outside California,2/24/2021,6343,228006,3489,115065,2854,112941,0,0,2495,107390,3843,60261,2500,167651,Not in California
Outside California,2/25/2021,6905,234911,3504,118569,3401,116342,0,0,3129,106778,3745,64006,3133,170784,Not in California
Outside California,2/26/2021,6806,241717,3612,122181,3194,119536,0,0,3178,106406,3551,67557,3179,173963,Not in California
Outside California,2/27/2021,5287,247004,2555,124736,2731,122267,1,1,1839,104812,3437,70994,1843,175806,Not in California
Outside California,2/28/2021,2417,249421,1764,126500,653,122920,0,1,793,103983,1623,72617,794,176600,Not in California
Outside California,3/1/2021,4711,254132,2930,129430,1781,124701,0,1,1298,101880,3406,76023,1303,177903,Not in California
Outside California,3/2/2021,6165,260297,1983,131413,4182,128883,0,1,1854,99430,4305,80328,1855,179758,Not in California
Outside California,3/3/2021,7744,268041,2950,134363,4792,133675,2,3,2585,96871,5150,85478,2591,182349,Not in California
Outside California,3/4/2021,6706,274747,2817,137180,3885,137560,4,7,2323,94832,4368,89846,2329,184678,Not in California
Outside California,3/5/2021,5046,279793,2446,139626,2586,140146,14,21,2575,94966,2462,92308,2596,187274,Not in California
Outside California,3/6/2021,4590,284383,2128,141754,2306,142452,156,177,2331,95204,2257,94565,2495,189769,Not in California
Outside California,3/7/2021,1544,285927,979,142733,512,142964,53,230,926,95567,617,95182,980,190749,Not in California
Outside California,3/8/2021,2936,288863,1676,144409,1013,143977,247,477,2052,97016,855,96037,2304,193053,Not in California
Outside California,3/9/2021,4267,293130,2011,146420,1938,145915,318,795,2425,97921,1838,97875,2743,195796,Not in California
Outside California,3/10/2021,4096,297226,1833,148253,1757,147672,506,1301,2440,99226,1648,99523,2953,198749,Not in California
Outside California,3/11/2021,5916,303142,2905,151158,2338,150010,673,1974,3128,100245,2783,102306,3802,202551,Not in California
Outside California,3/12/2021,6125,309267,3576,154734,1823,151833,726,2700,3289,101432,2829,105135,4016,206567,Not in California
Outside California,3/13/2021,3707,312974,2139,156873,1106,152939,462,3162,2583,103362,1118,106253,3048,209615,Not in California
Outside California,3/14/2021,1751,314725,890,157763,535,153474,326,3488,1043,104024,708,106961,1370,210985,Not in California
Outside California,3/15/2021,3923,318648,2033,159796,1460,154934,430,3918,2086,104713,1831,108792,2520,213505,Not in California
Outside California,3/16/2021,7224,325872,4127,163923,2727,157661,370,4288,3939,105738,3283,112075,4308,217813,Not in California
Outside California,3/17/2021,8023,333895,5065,168988,2594,160255,364,4652,4689,107461,3331,115406,5054,222867,Not in California
Outside California,3/18/2021,7943,341838,4791,173779,2623,162878,529,5181,4534,109124,3400,118806,5063,227930,Not in California
Outside California,3/19/2021,7316,349154,4350,178129,2420,165298,546,5727,4430,111219,2885,121691,4980,232910,Not in California
Outside California,3/20/2021,4674,353828,3052,181181,1532,166830,90,5817,3598,113838,1070,122761,3689,236599,Not in California
Outside California,3/21/2021,2000,355828,1347,182528,566,167396,87,5904,1606,115140,392,123153,1694,238293,Not in California
Outside California,3/22/2021,3212,359040,1928,184456,1196,168592,88,5992,2221,116464,985,124138,2309,240602,Not in California
Outside California,3/23/2021,6000,365040,3049,187505,2681,171273,270,6262,4230,119209,1757,125895,4502,245104,Not in California
Outside California,3/24/2021,7249,372289,3702,191207,3122,174395,425,6687,5110,122609,2133,128028,5533,250637,Not in California
Outside California,3/25/2021,8123,380412,3691,194898,3946,178341,486,7173,6097,127177,2015,130043,6583,257220,Not in California
Outside California,3/26/2021,6600,387012,3430,198328,3002,181343,168,7341,4526,129820,2050,132093,4693,261913,Not in California
Outside California,3/27/2021,5324,392336,3053,201381,2173,183516,98,7439,3438,131476,1877,133970,3533,265446,Not in California
Outside California,3/28/2021,3035,395371,1603,202984,1275,184791,157,7596,2045,132693,985,134955,2202,267648,Not in California
Outside California,3/29/2021,4954,400325,2155,205139,2458,187249,341,7937,3016,134116,1935,136890,3358,271006,Not in California
Outside California,3/30/2021,6710,407035,3441,208580,2729,189978,540,8477,4246,136458,2453,139343,4795,275801,Not in California
Outside California,3/31/2021,6174,413209,3647,212227,1770,191748,757,9234,3569,138182,2602,141945,4326,280127,Not in California
Outside California,4/1/2021,7165,420374,4158,216385,2386,194134,621,9855,4247,140136,2912,144857,4866,284993,Not in California
Outside California,4/2/2021,8196,428570,4223,220608,2853,196987,1120,10975,4456,141979,3734,148591,5577,290570,Not in California
Outside California,4/3/2021,6149,434719,3603,224211,1399,198386,1147,12122,3276,143534,2868,151459,4423,294993,Not in California
Outside California,4/4/2021,1803,436522,901,225112,664,199050,238,12360,1020,144009,783,152242,1258,296251,Not in California
Outside California,4/5/2021,3911,440433,1876,226988,1388,200438,647,13007,1902,144553,2006,154248,2550,298801,Not in California
Outside California,4/6/2021,6601,447034,3430,230418,1626,202064,1545,14552,2638,144784,3950,158198,4181,302982,Not in California
Outside California,4/7/2021,7730,454764,4325,234743,1748,203812,1657,16209,3161,145031,4562,162760,4809,307791,Not in California
Outside California,4/8/2021,7753,462517,4008,238751,1848,205660,1897,18106,3149,145474,4596,167356,5039,312830,Not in California
Outside California,4/9/2021,7364,469881,3740,242491,1696,207356,1928,20034,3001,146048,4358,171714,4932,317762,Not in California
Outside California,4/10/2021,6014,475895,3015,245506,1132,208488,1867,21901,1720,145344,4290,176004,3586,321348,Not in California
Outside California,4/11/2021,2834,478729,1524,247030,676,209164,634,22535,1038,145222,1795,177799,1673,323021,Not in California
Outside California,4/12/2021,3889,482618,2163,249193,1210,210374,516,23051,1815,145483,2070,179869,2331,325352,Not in California
Outside California,4/13/2021,5491,488109,3494,252687,1971,212345,26,23077,2773,145570,2713,182582,2800,328152,Not in California
Outside California,4/14/2021,5102,493211,3235,255922,1865,214210,2,23079,2782,146039,2315,184897,2784,330936,Not in California
Outside California,4/15/2021,5893,499104,3601,259523,2286,216496,6,23085,3212,146628,2630,187527,3219,334155,Not in California
Outside California,4/16/2021,5775,504879,3350,262873,2419,218915,6,23091,3359,147584,2410,189937,3366,337521,Not in California
Outside California,4/17/2021,5033,509912,2993,265866,2039,220954,1,23092,2920,148397,2107,192044,2920,340441,Not in California
Outside California,4/18/2021,2076,511988,1148,267014,927,221881,1,23093,996,148321,1074,193118,998,341439,Not in California
Outside California,4/19/2021,4014,516002,1876,268890,2137,224018,1,23094,2088,148495,1917,195035,2091,343530,Not in California
Outside California,4/20/2021,5462,521464,2578,271468,2884,226902,0,23094,2475,147990,2980,198015,2475,346005,Not in California
Outside California,4/21/2021,6592,528056,2895,274363,3695,230597,2,23096,2618,146648,3964,201979,2622,348627,Not in California
Outside California,4/22/2021,7234,535290,4008,278371,3223,233820,3,23099,3113,145654,4113,206092,3119,351746,Not in California
Outside California,4/23/2021,3234,538524,1206,279577,2027,235847,1,23100,1415,145269,1808,207900,1423,353169,Not in California
Unknown,12/17/2020,2,2,2,2,0,0,0,0,0,0,0,0,0,0,Not in California
Unknown,12/18/2020,10,12,10,12,0,0,0,0,9,9,0,0,9,9,Not in California
Unknown,12/19/2020,81,93,81,93,0,0,0,0,81,90,0,0,81,90,Not in California
Unknown,12/20/2020,24,117,24,117,0,0,0,0,24,114,0,0,24,114,Not in California
Unknown,12/21/2020,5,122,5,122,0,0,0,0,0,114,0,0,0,114,Not in California
Unknown,12/22/2020,3,125,3,125,0,0,0,0,3,117,0,0,3,117,Not in California
Unknown,12/26/2020,1,126,1,126,0,0,0,0,1,118,0,0,1,118,Not in California
Unknown,12/28/2020,4,130,4,130,0,0,0,0,4,122,0,0,4,122,Not in California
Unknown,12/29/2020,3,133,3,133,0,0,0,0,3,125,0,0,3,125,Not in California
Unknown,12/30/2020,58,191,55,188,3,3,0,0,56,181,0,0,56,181,Not in California
Unknown,12/31/2020,3,194,0,188,3,6,0,0,1,182,0,0,1,182,Not in California
Unknown,1/2/2021,1,195,0,188,1,7,0,0,1,183,0,0,1,183,Not in California
Unknown,1/4/2021,3,198,3,191,0,7,0,0,2,185,0,0,2,185,Not in California
Unknown,1/5/2021,2,200,0,191,2,9,0,0,2,187,0,0,2,187,Not in California
Unknown,1/6/2021,31,231,29,220,2,11,0,0,6,169,24,24,6,193,Not in California
Unknown,1/7/2021,110,341,107,327,3,14,0,0,72,203,38,62,72,265,Not in California
Unknown,1/8/2021,26,367,21,348,5,19,0,0,5,187,21,83,5,270,Not in California
Unknown,1/9/2021,3,370,2,350,1,20,0,0,4,191,0,83,4,274,Not in California
Unknown,1/11/2021,22,392,22,372,0,20,0,0,18,206,3,86,18,292,Not in California
Unknown,1/12/2021,9,401,7,379,2,22,0,0,7,213,1,87,8,300,Not in California
Unknown,1/13/2021,11,412,11,390,0,22,0,0,12,225,0,87,12,312,Not in California
Unknown,1/14/2021,4,416,3,393,1,23,0,0,4,229,0,87,4,316,Not in California
Unknown,1/15/2021,4,420,3,396,1,24,0,0,4,233,0,87,4,320,Not in California
Unknown,1/16/2021,7,427,7,403,0,24,0,0,6,238,1,88,6,326,Not in California
Unknown,1/17/2021,3,430,3,406,0,24,0,0,3,241,0,88,3,329,Not in California
Unknown,1/18/2021,55,485,55,461,0,24,0,0,53,292,2,90,53,382,Not in California
Unknown,1/19/2021,23,508,22,483,1,25,0,0,21,312,1,91,21,403,Not in California
Unknown,1/20/2021,79,587,79,562,0,25,0,0,27,287,52,143,27,430,Not in California
Unknown,1/21/2021,60,647,58,620,2,27,0,0,62,349,0,143,62,492,Not in California
Unknown,1/22/2021,40,687,35,655,5,32,0,0,40,389,0,143,40,532,Not in California
Unknown,1/23/2021,13,700,7,662,6,38,0,0,13,402,0,143,13,545,Not in California
Unknown,1/24/2021,2,702,2,664,0,38,0,0,3,405,0,143,3,548,Not in California
Unknown,1/25/2021,21,723,18,682,3,41,0,0,18,420,3,146,18,566,Not in California
Unknown,1/26/2021,99,822,95,777,4,45,0,0,102,522,0,146,102,668,Not in California
Unknown,1/27/2021,17,839,17,794,0,45,0,0,16,537,1,147,16,684,Not in California
Unknown,1/28/2021,155,994,152,946,3,48,0,0,98,575,60,207,98,782,Not in California
Unknown,1/29/2021,148,1142,147,1093,1,49,0,0,152,726,1,208,152,934,Not in California
Unknown,1/30/2021,10,1152,8,1101,2,51,0,0,13,738,1,209,13,947,Not in California
Unknown,1/31/2021,16,1168,16,1117,0,51,0,0,16,753,1,210,16,963,Not in California
Unknown,2/1/2021,36,1204,34,1151,2,53,0,0,21,757,17,227,21,984,Not in California
Unknown,2/2/2021,69,1273,67,1218,2,55,0,0,63,815,5,232,63,1047,Not in California
Unknown,2/3/2021,49,1322,46,1264,3,58,0,0,37,841,11,243,37,1084,Not in California
Unknown,2/4/2021,61,1383,56,1320,5,63,0,0,56,892,5,248,56,1140,Not in California
Unknown,2/5/2021,20,1403,13,1333,7,70,0,0,16,901,7,255,16,1156,Not in California
Unknown,2/6/2021,19,1422,14,1347,5,75,0,0,15,909,7,262,15,1171,Not in California
Unknown,2/7/2021,8,1430,8,1355,0,75,0,0,6,913,2,264,6,1177,Not in California
Unknown,2/8/2021,53,1483,50,1405,3,78,0,0,13,886,40,304,13,1190,Not in California
Unknown,2/9/2021,20,1503,19,1424,1,79,0,0,5,876,15,319,5,1195,Not in California
Unknown,2/10/2021,35,1538,30,1454,5,84,0,0,9,859,26,345,9,1204,Not in California
Unknown,2/11/2021,93,1631,92,1546,1,85,0,0,43,851,51,396,43,1247,Not in California
Unknown,2/12/2021,47,1678,38,1584,9,94,0,0,18,836,33,429,18,1265,Not in California
Unknown,2/13/2021,15,1693,3,1587,12,106,0,0,17,852,1,430,17,1282,Not in California
Unknown,2/14/2021,7,1700,1,1588,6,112,0,0,5,856,1,431,5,1287,Not in California
Unknown,2/15/2021,43,1743,37,1625,6,118,0,0,29,873,12,443,29,1316,Not in California
Unknown,2/16/2021,105,1848,96,1721,9,127,0,0,31,830,74,517,31,1347,Not in California
Unknown,2/17/2021,10,1858,8,1729,2,129,0,0,4,829,5,522,4,1351,Not in California
Unknown,2/18/2021,105,1963,100,1829,5,134,0,0,19,762,86,608,19,1370,Not in California
Unknown,2/19/2021,197,2160,191,2020,6,140,0,0,58,682,138,746,58,1428,Not in California
Unknown,2/20/2021,12,2172,5,2025,7,147,0,0,5,682,5,751,5,1433,Not in California
Unknown,2/21/2021,18,2190,18,2043,0,147,0,0,4,672,14,765,4,1437,Not in California
Unknown,2/22/2021,9,2199,9,2052,0,147,0,0,6,675,3,768,6,1443,Not in California
Unknown,2/23/2021,62,2261,50,2102,12,159,0,0,15,643,47,815,15,1458,Not in California
Unknown,2/24/2021,43,2304,35,2137,8,167,0,0,14,628,29,844,14,1472,Not in California
Unknown,2/25/2021,76,2380,60,2197,16,183,0,0,27,606,49,893,27,1499,Not in California
Unknown,2/26/2021,39,2419,24,2221,15,198,0,0,24,616,14,907,24,1523,Not in California
Unknown,2/27/2021,27,2446,14,2235,13,211,0,0,19,627,8,915,19,1542,Not in California
Unknown,2/28/2021,17,2463,13,2248,4,215,0,0,10,632,5,920,10,1552,Not in California
Unknown,3/1/2021,42,2505,25,2273,17,232,0,0,23,636,19,939,23,1575,Not in California
Unknown,3/2/2021,19,2524,7,2280,12,244,0,0,11,641,6,945,11,1586,Not in California
Unknown,3/3/2021,13,2537,7,2287,6,250,0,0,9,647,3,948,9,1595,Not in California
Unknown,3/4/2021,53,2590,49,2336,4,254,0,0,21,637,31,979,21,1616,Not in California
Unknown,3/5/2021,31,2621,13,2349,18,272,0,0,34,665,6,985,34,1650,Not in California
Unknown,3/6/2021,31,2652,10,2359,19,291,2,2,22,680,9,994,24,1674,Not in California
Unknown,3/7/2021,9,2661,1,2360,8,299,0,2,5,682,3,997,5,1679,Not in California
Unknown,3/8/2021,33,2694,23,2383,8,307,2,4,8,666,26,1023,10,1689,Not in California
Unknown,3/9/2021,39,2733,32,2415,3,310,4,8,10,650,30,1053,14,1703,Not in California
Unknown,3/10/2021,9,2742,6,2421,1,311,2,10,5,652,5,1058,7,1710,Not in California
Unknown,3/11/2021,37,2779,13,2434,10,321,14,24,15,660,21,1079,29,1739,Not in California
Unknown,3/12/2021,82,2861,56,2490,21,342,5,29,17,619,63,1142,22,1761,Not in California
Unknown,3/13/2021,24,2885,4,2494,16,358,4,33,8,615,16,1158,12,1773,Not in California
Unknown,3/14/2021,17,2902,9,2503,6,364,2,35,6,612,11,1169,8,1781,Not in California
Unknown,3/15/2021,30,2932,11,2514,17,381,2,37,20,621,13,1182,22,1803,Not in California
Unknown,3/16/2021,61,2993,21,2535,37,418,3,40,42,648,18,1200,45,1848,Not in California
Unknown,3/17/2021,47,3040,15,2550,31,449,1,41,42,687,4,1204,43,1891,Not in California
Unknown,3/18/2021,41,3081,20,2570,21,470,0,41,29,704,12,1216,29,1920,Not in California
Unknown,3/19/2021,28,3109,19,2589,9,479,0,41,25,721,8,1224,25,1945,Not in California
Unknown,3/20/2021,29,3138,14,2603,15,494,0,41,19,728,12,1236,19,1964,Not in California
Unknown,3/21/2021,23,3161,17,2620,6,500,0,41,19,744,3,1239,19,1983,Not in California
Unknown,3/22/2021,33,3194,17,2637,15,515,1,42,17,750,12,1251,18,2001,Not in California
Unknown,3/23/2021,23,3217,9,2646,9,524,5,47,12,756,11,1262,17,2018,Not in California
Unknown,3/24/2021,26,3243,9,2655,17,541,0,47,27,778,5,1267,27,2045,Not in California
Unknown,3/25/2021,48,3291,33,2688,15,556,0,47,36,800,14,1281,36,2081,Not in California
Unknown,3/26/2021,38,3329,19,2707,14,570,5,52,22,811,16,1297,27,2108,Not in California
Unknown,3/27/2021,39,3368,13,2720,26,596,0,52,22,813,20,1317,22,2130,Not in California
Unknown,3/28/2021,17,3385,9,2729,8,604,0,52,12,821,4,1321,12,2142,Not in California
Unknown,3/29/2021,35,3420,14,2743,20,624,1,53,23,833,12,1333,24,2166,Not in California
Unknown,3/30/2021,35,3455,20,2763,15,639,0,53,23,843,13,1346,23,2189,Not in California
Unknown,3/31/2021,38,3493,24,2787,14,653,0,53,29,862,10,1356,29,2218,Not in California
Unknown,4/1/2021,29,3522,14,2801,15,668,0,53,24,881,5,1361,24,2242,Not in California
Unknown,4/2/2021,63,3585,16,2817,38,706,9,62,30,887,33,1394,39,2281,Not in California
Unknown,4/3/2021,18,3603,9,2826,9,715,0,62,8,885,10,1404,8,2289,Not in California
Unknown,4/4/2021,16,3619,5,2831,11,726,0,62,10,890,5,1409,10,2299,Not in California
Unknown,4/5/2021,34,3653,20,2851,13,739,1,63,19,895,15,1424,20,2319,Not in California
Unknown,4/6/2021,35,3688,18,2869,16,755,1,64,17,895,18,1442,18,2337,Not in California
Unknown,4/7/2021,44,3732,30,2899,13,768,1,65,33,919,10,1452,34,2371,Not in California
Unknown,4/8/2021,37,3769,25,2924,8,776,4,69,17,920,20,1472,21,2392,Not in California
Unknown,4/9/2021,42,3811,25,2949,17,793,0,69,27,932,15,1487,27,2419,Not in California
Unknown,4/10/2021,10,3821,9,2958,1,794,0,69,3,928,7,1494,3,2422,Not in California
Unknown,4/11/2021,14,3835,10,2968,4,798,0,69,5,924,9,1503,5,2427,Not in California
Unknown,4/12/2021,40,3875,23,2991,16,814,1,70,17,919,23,1526,18,2445,Not in California
Unknown,4/13/2021,69,3944,26,3017,43,857,0,70,28,906,41,1567,28,2473,Not in California
Unknown,4/14/2021,39,3983,12,3029,27,884,0,70,13,893,26,1593,13,2486,Not in California
Unknown,4/15/2021,51,4034,24,3053,26,910,1,71,23,890,27,1620,24,2510,Not in California
Unknown,4/16/2021,37,4071,22,3075,15,925,0,71,16,885,21,1641,16,2526,Not in California
Unknown,4/17/2021,23,4094,14,3089,9,934,0,71,8,880,14,1655,9,2535,Not in California
Unknown,4/18/2021,19,4113,7,3096,12,946,0,71,7,875,12,1667,7,2542,Not in California
Unknown,4/19/2021,35,4148,21,3117,14,960,0,71,16,873,18,1685,16,2558,Not in California
Unknown,4/20/2021,18,4166,13,3130,5,965,0,71,5,865,13,1698,5,2563,Not in California
Unknown,4/21/2021,93,4259,75,3205,18,983,0,71,73,918,20,1718,73,2636,Not in California
Unknown,4/22/2021,366,4625,170,3375,196,1179,0,71,333,1220,31,1749,333,2969,Not in California
Unknown,4/23/2021,1,4626,0,3375,1,1180,0,71,1,1221,0,1749,1,2970,Not in California
Alameda,12/15/2020,36,36,36,36,0,0,0,0,36,36,0,0,36,36,California
Alameda,12/16/2020,202,238,202,238,0,0,0,0,202,238,0,0,202,238,California
Alameda,12/17/2020,396,634,396,634,0,0,0,0,396,634,0,0,396,634,California
Alameda,12/18/2020,1766,2400,1765,2399,1,1,0,0,1766,2400,0,0,1766,2400,California
Alameda,12/19/2020,1357,3757,1357,3756,0,1,0,0,1357,3757,0,0,1357,3757,California
Alameda,12/20/2020,1156,4913,1155,4911,1,2,0,0,1155,4911,1,1,1155,4912,California
Alameda,12/21/2020,1859,6772,1858,6769,1,3,0,0,1858,6769,0,1,1858,6770,California
Alameda,12/22/2020,2099,8871,2047,8816,52,55,0,0,2099,8868,0,1,2099,8869,California
Alameda,12/23/2020,1927,10798,1671,10487,256,311,0,0,1927,10795,0,1,1927,10796,California
Alameda,12/24/2020,1218,12016,758,11245,460,771,0,0,1218,12013,0,1,1218,12014,California
Alameda,12/25/2020,165,12181,128,11373,37,808,0,0,165,12178,0,1,165,12179,California
Alameda,12/26/2020,867,13048,323,11696,544,1352,0,0,867,13045,0,1,867,13046,California
Alameda,12/27/2020,500,13548,256,11952,244,1596,0,0,500,13545,0,1,500,13546,California
Alameda,12/28/2020,1883,15431,957,12909,926,2522,0,0,1883,15428,0,1,1883,15429,California
Alameda,12/29/2020,2427,17858,1022,13931,1405,3927,0,0,2426,17854,0,1,2426,17855,California
Alameda,12/30/2020,3122,20980,1359,15290,1763,5690,0,0,3124,20978,0,1,3124,20979,California
Alameda,12/31/2020,1789,22769,441,15731,1348,7038,0,0,1788,22765,1,2,1788,22767,California
Alameda,1/1/2021,171,22940,70,15801,101,7139,0,0,170,22934,1,3,170,22937,California
Alameda,1/2/2021,719,23659,521,16322,198,7337,0,0,718,23652,0,3,718,23655,California
Alameda,1/3/2021,341,24000,220,16542,121,7458,0,0,338,23987,3,6,338,23993,California
Alameda,1/4/2021,1647,25647,944,17486,703,8161,0,0,1635,25611,11,17,1635,25628,California
Alameda,1/5/2021,2199,27846,1265,18751,934,9095,0,0,1963,27341,233,250,1963,27591,California
Alameda,1/6/2021,3242,31088,1776,20527,1466,10561,0,0,2428,28960,811,1061,2430,30021,California
Alameda,1/7/2021,3773,34861,2112,22639,1661,12222,0,0,2686,30572,1078,2139,2690,32711,California
Alameda,1/8/2021,4724,39585,2695,25334,2029,14251,0,0,3103,32062,1617,3756,3107,35818,California
Alameda,1/9/2021,2031,41616,1388,26722,643,14894,0,0,1170,32371,861,4617,1170,36988,California
Alameda,1/10/2021,1061,42677,843,27565,218,15112,0,0,424,32157,638,5255,424,37412,California
Alameda,1/11/2021,4630,47307,3502,31067,1128,16240,0,0,2842,33217,1788,7043,2848,40260,California
Alameda,1/12/2021,4824,52131,3246,34313,1578,17818,0,0,3432,35261,1391,8434,3435,43695,California
Alameda,1/13/2021,5025,57156,2654,36967,2371,20189,0,0,3846,37933,1175,9609,3847,47542,California
Alameda,1/14/2021,5603,62759,2740,39707,2863,23052,0,0,4717,41776,877,10486,4720,52262,California
Alameda,1/15/2021,5827,68586,2309,42016,3518,26570,0,0,5060,46079,760,11246,5063,57325,California
Alameda,1/16/2021,3005,71591,1409,43425,1596,28166,0,0,2737,48549,268,11514,2738,60063,California
Alameda,1/17/2021,1868,73459,1084,44509,784,28950,0,0,1661,50005,206,11720,1662,61725,California
Alameda,1/18/2021,3192,76651,2049,46558,1143,30093,0,0,2598,52018,590,12310,2603,64328,California
Alameda,1/19/2021,5516,82167,3329,49887,2187,32280,0,0,4329,55164,1185,13495,4331,68659,California
Alameda,1/20/2021,6689,88856,4026,53913,2663,34943,0,0,5396,59283,1281,14776,5400,74059,California
Alameda,1/21/2021,7739,96595,3382,57295,4357,39300,0,0,6911,65375,822,15598,6914,80973,California
Alameda,1/22/2021,6837,103432,2032,59327,4805,44105,0,0,5699,69945,1131,16729,5701,86674,California
Alameda,1/23/2021,3280,106712,943,60270,2337,46442,0,0,2728,72123,552,17281,2730,89404,California
Alameda,1/24/2021,2049,108761,654,60924,1395,47837,0,0,1773,73624,272,17553,1773,91177,California
Alameda,1/25/2021,5213,113974,1985,62909,3228,51065,0,0,3628,75675,1577,19130,3628,94805,California
Alameda,1/26/2021,7241,121215,2286,65195,4955,56020,0,0,5382,79206,1852,20982,5383,100188,California
Alameda,1/27/2021,6667,127882,2076,67271,4591,60611,0,0,4824,82198,1832,22814,4824,105012,California
Alameda,1/28/2021,7868,135750,2541,69812,5327,65938,0,0,5631,85609,2221,25035,5632,110644,California
Alameda,1/29/2021,7906,143656,3178,72990,4728,70666,0,0,6082,89878,1814,26849,6083,116727,California
Alameda,1/30/2021,3411,147067,1666,74656,1745,72411,0,0,2710,91892,696,27545,2710,119437,California
Alameda,1/31/2021,1902,148969,962,75618,940,73351,0,0,1659,93310,241,27786,1659,121096,California
Alameda,2/1/2021,5953,154922,3351,78969,2602,75953,0,0,4317,95998,1630,29416,4318,125414,California
Alameda,2/2/2021,7442,162364,4240,83209,3202,79155,0,0,4656,97878,2776,32192,4656,130070,California
Alameda,2/3/2021,7077,169441,3728,86937,3349,82504,0,0,4406,99624,2665,34857,4411,134481,California
Alameda,2/4/2021,9503,178944,4129,91066,5374,87878,0,0,6450,103043,3036,37893,6455,140936,California
Alameda,2/5/2021,10320,189264,5386,96452,4934,92812,0,0,6454,105643,3860,41753,6460,147396,California
Alameda,2/6/2021,6996,196260,4436,100888,2560,95372,0,0,5878,110403,1118,42871,5878,153274,California
Alameda,2/7/2021,3581,199841,2892,103780,689,96061,0,0,2641,112108,937,43808,2642,155916,California
Alameda,2/8/2021,8080,207921,5779,109559,2301,98362,0,0,5538,115116,2532,46340,5540,161456,California
Alameda,2/9/2021,9701,217622,5852,115411,3849,102211,0,0,6052,117527,3643,49983,6054,167510,California
Alameda,2/10/2021,11447,229069,6769,122180,4678,106889,0,0,6632,119369,4798,54781,6640,174150,California
Alameda,2/11/2021,13912,242981,7972,130152,5940,112829,0,0,8372,122221,5523,60304,8375,182525,California
Alameda,2/12/2021,12518,255499,5692,135844,6826,119655,0,0,7751,125222,4753,65057,7754,190279,California
Alameda,2/13/2021,7804,263303,4063,139907,3741,123396,0,0,5845,129114,1955,67012,5847,196126,California
Alameda,2/14/2021,4026,267329,2535,142442,1491,124887,0,0,2868,130829,1155,68167,2870,198996,California
Alameda,2/15/2021,5705,273034,3220,145662,2485,127372,0,0,3697,132524,2005,70172,3700,202696,California
Alameda,2/16/2021,12525,285559,6950,152612,5575,132947,0,0,9320,138654,3195,73367,9325,212021,California
Alameda,2/17/2021,14098,299657,8351,160963,5747,138694,0,0,10483,145542,3597,76964,10485,222506,California
Alameda,2/18/2021,15842,315499,10056,171019,5786,144480,0,0,11507,152723,4332,81296,11513,234019,California
Alameda,2/19/2021,17628,333127,11427,182446,6201,150681,0,0,11686,158493,5920,87216,11690,245709,California
Alameda,2/20/2021,11853,344980,9606,192052,2247,152928,0,0,9141,164930,2709,89925,9146,254855,California
Alameda,2/21/2021,6185,351165,5255,197307,930,153858,0,0,3733,166220,2443,92368,3733,258588,California
Alameda,2/22/2021,10688,361853,7912,205219,2776,156634,0,0,6739,169033,3936,96304,6749,265337,California
Alameda,2/23/2021,12699,374552,7710,212929,4989,161623,0,0,7907,172164,4783,101087,7914,273251,California
Alameda,2/24/2021,14646,389198,8202,221131,6444,168067,0,0,9499,176581,5087,106174,9504,282755,California
Alameda,2/25/2021,15602,404800,9118,230249,6484,174551,0,0,9940,180897,5630,111804,9946,292701,California
Alameda,2/26/2021,18075,422875,10627,240876,7448,181999,0,0,11694,186254,6341,118145,11698,304399,California
Alameda,2/27/2021,14688,437563,10800,251676,3886,185885,2,2,9096,189784,5570,123715,9100,313499,California
Alameda,2/28/2021,9139,446702,7705,259381,1434,187319,0,2,6071,192808,3048,126763,6072,319571,California
Alameda,3/1/2021,13207,459909,9173,268554,4032,191351,2,4,8197,196044,4969,131732,8205,327776,California
Alameda,3/2/2021,13789,473698,9578,278132,4211,195562,0,4,8866,200013,4904,136636,8873,336649,California
Alameda,3/3/2021,15293,488991,9909,288041,5383,200945,1,5,10407,205562,4861,141497,10410,347059,California
Alameda,3/4/2021,17262,506253,11026,299067,6235,207180,1,6,10864,210063,6364,147861,10865,357924,California
Alameda,3/5/2021,15846,522099,10233,309300,5604,212784,9,15,10631,215534,5175,153036,10646,368570,California
Alameda,3/6/2021,14212,536311,9946,319246,4007,216791,259,274,9337,220300,4832,157868,9598,378168,California
Alameda,3/7/2021,9282,545593,8070,327316,1131,217922,81,355,6564,224254,2693,160561,6647,384815,California
Alameda,3/8/2021,11609,557202,7151,334467,4082,222004,376,731,8647,230364,2912,163473,9022,393837,California
Alameda,3/9/2021,11336,568538,6994,341461,3913,225917,429,1160,6272,232034,5033,168506,6703,400540,California
Alameda,3/10/2021,16647,585185,11310,352771,4782,230699,555,1715,7539,231041,9084,177590,8091,408631,California
Alameda,3/11/2021,19744,604929,11546,364317,6492,237191,1706,3421,6757,226545,12958,190548,8462,417093,California
Alameda,3/12/2021,21113,626042,12294,376611,7169,244360,1650,5071,7454,222006,13637,204185,9098,426191,California
Alameda,3/13/2021,15828,641870,10101,386712,4749,249109,978,6049,5114,217412,10681,214866,6087,432278,California
Alameda,3/14/2021,10687,652557,7806,394518,2096,251205,785,6834,4663,216847,6008,220874,5443,437721,California
Alameda,3/15/2021,14287,666844,9313,403831,4457,255662,517,7351,6356,215814,7903,228777,6870,444591,California
Alameda,3/16/2021,17133,683977,11085,414916,5515,261177,533,7884,7548,214361,9535,238312,8082,452673,California
Alameda,3/17/2021,17333,701310,9755,424671,6886,268063,692,8576,8152,214057,9148,247460,8844,461517,California
Alameda,3/18/2021,19024,720334,10308,434979,7839,275902,877,9453,8756,213452,10241,257701,9636,471153,California
Alameda,3/19/2021,19067,739401,10311,445290,6968,282870,1788,11241,7632,211478,11388,269089,9414,480567,California
Alameda,3/20/2021,15589,754990,10177,455467,4594,287464,818,12059,6525,209782,9037,278126,7341,487908,California
Alameda,3/21/2021,9043,764033,7091,462558,1421,288885,531,12590,3766,208812,5268,283394,4298,492206,California
Alameda,3/22/2021,14857,778890,9986,472544,3892,292777,979,13569,7174,209296,7666,291060,8150,500356,California
Alameda,3/23/2021,19042,797932,11478,484022,6771,299548,793,14362,10699,212490,8303,299363,11497,511853,California
Alameda,3/24/2021,18930,816862,11382,495404,6558,306106,990,15352,8584,211766,10291,309654,9567,521420,California
Alameda,3/25/2021,20308,837170,11199,506603,7732,313838,1377,16729,9553,211995,10692,320346,10921,532341,California
Alameda,3/26/2021,20614,857784,12348,518951,6738,320576,1528,18257,8833,210611,11737,332083,10353,542694,California
Alameda,3/27/2021,18120,875904,12301,531252,4864,325440,955,19212,7812,209099,10262,342345,8750,551444,California
Alameda,3/28/2021,10416,886320,8432,539684,1781,327221,203,19415,3831,206564,6575,348920,4040,555484,California
Alameda,3/29/2021,14549,900869,9264,548948,4291,331512,994,20409,6254,205550,8262,357182,7248,562732,California
Alameda,3/30/2021,18383,919252,9652,558600,7042,338554,1689,22098,10791,210464,7564,364746,12478,575210,California
Alameda,3/31/2021,19168,938420,10087,568687,7028,345582,2053,24151,9569,212485,9576,374322,11597,586807,California
Alameda,4/1/2021,22926,961346,9924,578611,7533,353115,5469,29620,10936,216920,11965,386287,16400,603207,California
Alameda,4/2/2021,23667,985013,9795,588406,8202,361317,5670,35290,11464,221867,12174,398461,17121,620328,California
Alameda,4/3/2021,20026,1005039,9699,598105,5641,366958,4686,39976,10240,227024,9771,408232,14928,635256,California
Alameda,4/4/2021,9897,1014936,3948,602053,2276,369234,3673,43649,3504,227812,6384,414616,7172,642428,California
Alameda,4/5/2021,17642,1032578,7387,609440,5497,374731,4758,48407,7160,229264,10465,425081,11917,654345,California
Alameda,4/6/2021,21980,1054558,10552,619992,5639,380370,5789,54196,9976,233051,11974,437055,15761,670106,California
Alameda,4/7/2021,22325,1076883,11431,631423,5471,385841,5423,59619,11310,238807,10974,448029,16730,686836,California
Alameda,4/8/2021,25222,1102105,11424,642847,5888,391729,7910,67529,10757,243075,14399,462428,18667,705503,California
Alameda,4/9/2021,23000,1125105,10396,653243,7431,399160,5173,72702,11830,248940,11147,473575,17012,722515,California
Alameda,4/10/2021,18742,1143847,7370,660613,5566,404726,5806,78508,8125,252265,10599,484174,13924,736439,California
Alameda,4/11/2021,10957,1154804,4764,665377,2261,406987,3932,82440,4478,254204,6464,490638,8403,744842,California
Alameda,4/12/2021,17615,1172419,11587,676964,4223,411210,1805,84245,9998,258415,7589,498227,11800,756642,California
Alameda,4/13/2021,22880,1195299,14614,691578,8213,419423,53,84298,16929,269499,5907,504134,16991,773633,California
Alameda,4/14/2021,22841,1218140,15159,706737,7681,427104,1,84299,15566,277826,7245,511379,15572,789205,California
Alameda,4/15/2021,23501,1241641,15133,721870,8366,435470,2,84301,15620,285621,7835,519214,15630,804835,California
Alameda,4/16/2021,24005,1265646,14230,736100,9771,445241,4,84305,15528,292736,8426,527640,15541,820376,California
Alameda,4/17/2021,20500,1286146,14134,750234,6366,451607,0,84305,14166,300610,6306,533946,14180,834556,California
Alameda,4/18/2021,9801,1295947,7466,757700,2335,453942,0,84305,6785,304409,2990,536936,6789,841345,California
Alameda,4/19/2021,14951,1310898,9229,766929,5722,459664,0,84305,8521,306534,6405,543341,8530,849875,California
Alameda,4/20/2021,17669,1328567,10667,777596,7000,466664,2,84307,9584,308093,8046,551387,9605,859480,California
Alameda,4/21/2021,18143,1346710,10538,788134,7599,474263,6,84313,10352,310731,7739,559126,10377,869857,California
Alameda,4/22/2021,17212,1363922,10686,798820,6523,480786,3,84316,9038,311648,8141,567267,9058,878915,California
Alameda,4/23/2021,12379,1376301,8029,806849,4349,485135,1,84317,7269,313839,5083,572350,7274,886189,California
Alpine,12/18/2020,2,2,2,2,0,0,0,0,2,2,0,0,2,2,California
Alpine,12/19/2020,2,4,2,4,0,0,0,0,2,4,0,0,2,4,California
Alpine,12/21/2020,2,6,2,6,0,0,0,0,2,6,0,0,2,6,California
Alpine,12/30/2020,14,20,0,6,14,14,0,0,14,20,0,0,14,20,California
Alpine,12/31/2020,1,21,0,6,1,15,0,0,1,21,0,0,1,21,California
Alpine,1/1/2021,1,22,0,6,1,16,0,0,1,22,0,0,1,22,California
Alpine,1/2/2021,1,23,1,7,0,16,0,0,1,23,0,0,1,23,California
Alpine,1/4/2021,10,33,0,7,10,26,0,0,10,33,0,0,10,33,California
Alpine,1/5/2021,9,42,1,8,8,34,0,0,9,42,0,0,9,42,California
Alpine,1/6/2021,31,73,0,8,31,65,0,0,31,73,0,0,31,73,California
Alpine,1/7/2021,8,81,0,8,8,73,0,0,8,81,0,0,8,81,California
Alpine,1/8/2021,4,85,2,10,2,75,0,0,2,81,2,2,2,83,California
Alpine,1/9/2021,2,87,2,12,0,75,0,0,0,79,2,4,0,83,California
Alpine,1/11/2021,32,119,1,13,31,106,0,0,31,109,1,5,31,114,California
Alpine,1/13/2021,35,154,0,13,35,141,0,0,35,144,0,5,35,149,California
Alpine,1/14/2021,1,155,0,13,1,142,0,0,1,145,0,5,1,150,California
Alpine,1/15/2021,1,156,0,13,1,143,0,0,1,146,0,5,1,151,California
Alpine,1/20/2021,21,177,0,13,21,164,0,0,21,167,0,5,21,172,California
Alpine,1/21/2021,1,178,0,13,1,165,0,0,1,168,0,5,1,173,California
Alpine,1/22/2021,32,210,0,13,32,197,0,0,32,200,0,5,32,205,California
Alpine,1/23/2021,1,211,1,14,0,197,0,0,0,199,1,6,0,205,California
Alpine,1/25/2021,16,227,0,14,16,213,0,0,16,215,0,6,16,221,California
Alpine,1/27/2021,1,228,1,15,0,213,0,0,0,214,1,7,0,221,California
Alpine,1/28/2021,1,229,0,15,1,214,0,0,0,213,1,8,0,221,California
Alpine,1/29/2021,1,230,0,15,1,215,0,0,1,214,0,8,1,222,California
Alpine,2/1/2021,25,255,0,15,25,240,0,0,7,203,18,26,7,229,California
Alpine,2/3/2021,34,289,0,15,34,274,0,0,10,189,24,50,10,239,California
Alpine,2/4/2021,8,297,0,15,8,282,0,0,3,187,5,55,3,242,California
Alpine,2/5/2021,31,328,0,15,31,313,0,0,12,180,19,74,12,254,California
Alpine,2/6/2021,1,329,1,16,0,313,0,0,1,181,0,74,1,255,California
Alpine,2/7/2021,1,330,1,17,0,313,0,0,1,182,0,74,1,256,California
Alpine,2/8/2021,32,362,0,17,32,345,0,0,4,158,28,102,4,260,California
Alpine,2/10/2021,34,396,0,17,34,379,0,0,0,124,34,136,0,260,California
Alpine,2/11/2021,6,402,0,17,6,385,0,0,3,124,3,139,3,263,California
Alpine,2/12/2021,1,403,0,17,1,386,0,0,0,123,1,140,0,263,California
Alpine,2/17/2021,23,426,0,17,23,409,0,0,3,106,20,160,3,266,California
Alpine,2/18/2021,2,428,0,17,2,411,0,0,1,106,1,161,1,267,California
Alpine,2/19/2021,34,462,1,18,33,444,0,0,2,76,32,193,2,269,California
Alpine,2/22/2021,27,489,0,18,27,471,0,0,8,65,19,212,8,277,California
Alpine,2/24/2021,1,490,1,19,0,471,0,0,1,66,0,212,1,278,California
Alpine,2/25/2021,6,496,1,20,5,476,0,0,6,72,0,212,6,284,California
Alpine,2/26/2021,29,525,1,21,28,504,0,0,28,99,1,213,28,312,California
Alpine,2/27/2021,1,526,0,21,1,505,0,0,1,100,0,213,1,313,California
Alpine,3/1/2021,35,561,0,21,35,540,0,0,25,115,10,223,25,338,California
Alpine,3/2/2021,1,562,1,22,0,540,0,0,0,114,1,224,0,338,California
Alpine,3/3/2021,30,592,1,23,29,569,0,0,18,120,12,236,18,356,California
Alpine,3/4/2021,11,603,1,24,10,579,0,0,11,131,0,236,11,367,California
Alpine,3/5/2021,30,633,0,24,30,609,0,0,22,145,8,244,22,389,California
Alpine,3/8/2021,31,664,0,24,31,640,0,0,29,172,2,246,29,418,California
Alpine,3/10/2021,72,736,0,24,72,712,0,0,72,244,0,246,72,490,California
Alpine,3/11/2021,36,772,0,24,36,748,0,0,32,272,4,250,32,522,California
Alpine,3/12/2021,19,791,0,24,19,767,0,0,17,287,2,252,17,539,California
Alpine,3/15/2021,21,812,1,25,20,787,0,0,20,306,1,253,20,559,California
Alpine,3/17/2021,23,835,0,25,22,809,1,1,19,322,4,257,20,579,California
Alpine,3/18/2021,38,873,3,28,35,844,0,1,35,354,3,260,35,614,California
Alpine,3/19/2021,2,875,1,29,1,845,0,1,1,354,1,261,1,615,California
Alpine,3/22/2021,24,899,0,29,24,869,0,1,15,360,9,270,15,630,California
Alpine,3/24/2021,19,918,0,29,19,888,0,1,9,359,10,280,9,639,California
Alpine,3/25/2021,35,953,1,30,33,921,1,2,28,381,7,287,29,668,California
Alpine,3/27/2021,1,954,0,30,1,922,0,2,0,380,1,288,0,668,California
Alpine,3/28/2021,1,955,1,31,0,922,0,2,1,381,0,288,1,669,California
Alpine,3/29/2021,20,975,0,31,19,941,1,3,3,368,17,305,4,673,California
Alpine,4/1/2021,16,991,0,31,16,957,0,3,7,366,9,314,7,680,California
Alpine,4/2/2021,100,1091,1,32,99,1056,0,3,46,359,53,367,46,726,California
Alpine,4/5/2021,4,1095,1,33,3,1059,0,3,0,355,4,371,0,726,California
Alpine,4/6/2021,3,1098,2,35,1,1060,0,3,2,356,1,372,2,728,California
Alpine,4/7/2021,115,1213,0,35,114,1174,1,4,29,301,85,457,30,758,California
Alpine,4/8/2021,38,1251,0,35,36,1210,2,6,10,285,28,485,12,770,California
Alpine,4/9/2021,1,1252,0,35,1,1211,0,6,1,286,0,485,1,771,California
Alpine,4/14/2021,47,1299,0,35,47,1258,0,6,10,259,37,522,10,781,California
Alpine,4/15/2021,35,1334,0,35,35,1293,0,6,3,230,32,554,3,784,California
Alpine,4/16/2021,1,1335,0,35,1,1294,0,6,1,231,0,554,1,785,California
Alpine,4/19/2021,1,1336,0,35,1,1295,0,6,1,232,0,554,1,786,California
Alpine,4/21/2021,31,1367,0,35,31,1326,0,6,15,231,16,570,15,801,California
Alpine,4/22/2021,24,1391,0,35,24,1350,0,6,1,209,23,593,1,802,California
Amador,12/16/2020,2,2,2,2,0,0,0,0,2,2,0,0,2,2,California
Amador,12/17/2020,5,7,5,7,0,0,0,0,5,7,0,0,5,7,California
Amador,12/18/2020,45,52,45,52,0,0,0,0,45,52,0,0,45,52,California
Amador,12/19/2020,17,69,17,69,0,0,0,0,17,69,0,0,17,69,California
Amador,12/20/2020,4,73,4,73,0,0,0,0,4,73,0,0,4,73,California
Amador,12/21/2020,32,105,32,105,0,0,0,0,32,105,0,0,32,105,California
Amador,12/22/2020,35,140,34,139,1,1,0,0,35,140,0,0,35,140,California
Amador,12/23/2020,39,179,38,177,1,2,0,0,39,179,0,0,39,179,California
Amador,12/24/2020,5,184,3,180,2,4,0,0,5,184,0,0,5,184,California
Amador,12/26/2020,5,189,4,184,1,5,0,0,5,189,0,0,5,189,California
Amador,12/27/2020,1,190,0,184,1,6,0,0,1,190,0,0,1,190,California
Amador,12/28/2020,31,221,27,211,4,10,0,0,31,221,0,0,31,221,California
Amador,12/29/2020,26,247,19,230,7,17,0,0,26,247,0,0,26,247,California
Amador,12/30/2020,124,371,78,308,46,63,0,0,124,371,0,0,124,371,California
Amador,12/31/2020,192,563,167,475,25,88,0,0,192,563,0,0,192,563,California
Amador,1/1/2021,1,564,0,475,1,89,0,0,1,564,0,0,1,564,California
Amador,1/2/2021,55,619,55,530,0,89,0,0,55,619,0,0,55,619,California
Amador,1/3/2021,65,684,17,547,48,137,0,0,65,684,0,0,65,684,California
Amador,1/4/2021,123,807,1,548,122,259,0,0,123,807,0,0,123,807,California
Amador,1/5/2021,33,840,3,551,30,289,0,0,31,837,2,2,32,839,California
Amador,1/6/2021,40,880,10,561,30,319,0,0,36,869,4,6,36,875,California
Amador,1/7/2021,227,1107,68,629,159,478,0,0,215,1072,12,18,215,1090,California
Amador,1/8/2021,84,1191,70,699,14,492,0,0,40,1069,44,62,41,1131,California
Amador,1/9/2021,11,1202,11,710,0,492,0,0,2,1062,9,71,2,1133,California
Amador,1/10/2021,7,1209,5,715,2,494,0,0,3,1061,4,75,3,1136,California
Amador,1/11/2021,125,1334,45,760,80,574,0,0,89,1114,36,111,89,1225,California
Amador,1/12/2021,64,1398,49,809,15,589,0,0,40,1130,24,135,40,1265,California
Amador,1/13/2021,38,1436,23,832,15,604,0,0,26,1144,12,147,26,1291,California
Amador,1/14/2021,146,1582,20,852,126,730,0,0,136,1270,10,157,136,1427,California
Amador,1/15/2021,55,1637,24,876,31,761,0,0,48,1311,7,164,48,1475,California
Amador,1/16/2021,19,1656,12,888,7,768,0,0,13,1319,6,170,14,1489,California
Amador,1/17/2021,25,1681,5,893,20,788,0,0,25,1344,0,170,25,1514,California
Amador,1/18/2021,31,1712,27,920,4,792,0,0,9,1331,22,192,9,1523,California
Amador,1/19/2021,119,1831,96,1016,23,815,0,0,75,1362,44,236,75,1598,California
Amador,1/20/2021,183,2014,34,1050,149,964,0,0,167,1514,15,251,167,1765,California
Amador,1/21/2021,252,2266,221,1271,31,995,0,0,144,1551,108,359,145,1910,California
Amador,1/22/2021,133,2399,72,1343,61,1056,0,0,126,1670,7,366,126,2036,California
Amador,1/23/2021,52,2451,32,1375,20,1076,0,0,50,1718,2,368,50,2086,California
Amador,1/24/2021,28,2479,12,1387,16,1092,0,0,25,1740,3,371,25,2111,California
Amador,1/25/2021,59,2538,28,1415,31,1123,0,0,42,1765,17,388,42,2153,California
Amador,1/26/2021,244,2782,16,1431,228,1351,0,0,234,1989,10,398,234,2387,California
Amador,1/27/2021,296,3078,30,1461,266,1617,0,0,249,2194,45,443,250,2637,California
Amador,1/28/2021,345,3423,76,1537,269,1886,0,0,284,2418,61,504,285,2922,California
Amador,1/29/2021,95,3518,30,1567,65,1951,0,0,80,2483,15,519,80,3002,California
Amador,1/30/2021,167,3685,33,1600,134,2085,0,0,162,2640,5,524,162,3164,California
Amador,1/31/2021,32,3717,28,1628,4,2089,0,0,31,2670,1,525,31,3195,California
Amador,2/1/2021,63,3780,23,1651,40,2129,0,0,36,2679,27,552,36,3231,California
Amador,2/2/2021,213,3993,65,1716,148,2277,0,0,127,2723,83,635,127,3358,California
Amador,2/3/2021,141,4134,38,1754,103,2380,0,0,90,2763,50,685,90,3448,California
Amador,2/4/2021,248,4382,72,1826,176,2556,0,0,163,2843,85,770,165,3613,California
Amador,2/5/2021,331,4713,63,1889,268,2824,0,0,315,3142,16,786,315,3928,California
Amador,2/6/2021,99,4812,80,1969,19,2843,0,0,95,3233,4,790,95,4023,California
Amador,2/7/2021,38,4850,35,2004,3,2846,0,0,35,3265,3,793,35,4058,California
Amador,2/8/2021,90,4940,62,2066,28,2874,0,0,73,3321,17,810,73,4131,California
Amador,2/9/2021,173,5113,83,2149,90,2964,0,0,108,3364,65,875,108,4239,California
Amador,2/10/2021,976,6089,77,2226,899,3863,0,0,943,4274,33,908,943,5182,California
Amador,2/11/2021,305,6394,118,2344,187,4050,0,0,200,4370,104,1012,200,5382,California
Amador,2/12/2021,324,6718,118,2462,206,4256,0,0,253,4552,71,1083,253,5635,California
Amador,2/13/2021,165,6883,81,2543,84,4340,0,0,139,4665,26,1109,139,5774,California
Amador,2/14/2021,123,7006,54,2597,69,4409,0,0,106,4754,17,1126,106,5880,California
Amador,2/15/2021,186,7192,60,2657,126,4535,0,0,169,4907,16,1142,169,6049,California
Amador,2/16/2021,462,7654,53,2710,409,4944,0,0,425,5296,37,1179,426,6475,California
Amador,2/17/2021,258,7912,80,2790,178,5122,0,0,163,5364,95,1274,163,6638,California
Amador,2/18/2021,397,8309,98,2888,299,5421,0,0,335,5638,62,1336,336,6974,California
Amador,2/19/2021,192,8501,76,2964,116,5537,0,0,111,5668,81,1417,111,7085,California
Amador,2/20/2021,91,8592,29,2993,62,5599,0,0,64,5705,27,1444,64,7149,California
Amador,2/21/2021,45,8637,34,3027,11,5610,0,0,15,5690,30,1474,15,7164,California
Amador,2/22/2021,63,8700,24,3051,39,5649,0,0,32,5692,30,1504,32,7196,California
Amador,2/23/2021,318,9018,55,3106,263,5912,0,0,138,5651,180,1684,139,7335,California
Amador,2/24/2021,392,9410,56,3162,336,6248,0,0,262,5787,126,1810,262,7597,California
Amador,2/25/2021,517,9927,113,3275,404,6652,0,0,278,5827,238,2048,278,7875,California
Amador,2/26/2021,608,10535,75,3350,533,7185,0,0,503,6226,105,2153,504,8379,California
Amador,2/27/2021,288,10823,91,3441,197,7382,0,0,100,6141,187,2340,102,8481,California
Amador,2/28/2021,101,10924,52,3493,49,7431,0,0,55,6153,46,2386,58,8539,California
Amador,3/1/2021,188,11112,66,3559,122,7553,0,0,119,6204,69,2455,120,8659,California
Amador,3/2/2021,379,11491,62,3621,317,7870,0,0,329,6484,50,2505,330,8989,California
Amador,3/3/2021,240,11731,78,3699,162,8032,0,0,165,6576,74,2579,166,9155,California
Amador,3/4/2021,494,12225,116,3815,378,8410,0,0,392,6866,102,2681,392,9547,California
Amador,3/5/2021,512,12737,77,3892,435,8845,0,0,294,6945,217,2898,296,9843,California
Amador,3/6/2021,99,12836,45,3937,53,8898,1,1,54,6955,45,2943,55,9898,California
Amador,3/7/2021,63,12899,42,3979,21,8919,0,1,20,6932,43,2986,20,9918,California
Amador,3/8/2021,152,13051,71,4050,80,8999,1,2,91,6963,61,3047,92,10010,California
Amador,3/9/2021,367,13418,47,4097,320,9319,0,2,291,7181,73,3120,291,10301,California
Amador,3/10/2021,506,13924,73,4170,431,9750,2,4,109,6896,397,3517,112,10413,California
Amador,3/11/2021,468,14392,113,4283,344,10094,11,15,297,7037,170,3687,311,10724,California
Amador,3/12/2021,567,14959,65,4348,494,10588,8,23,337,7158,229,3916,350,11074,California
Amador,3/13/2021,114,15073,18,4366,89,10677,7,30,75,7205,39,3955,86,11160,California
Amador,3/14/2021,89,15162,19,4385,67,10744,3,33,21,7161,68,4023,24,11184,California
Amador,3/15/2021,177,15339,25,4410,145,10889,7,40,53,7099,124,4147,62,11246,California
Amador,3/16/2021,448,15787,55,4465,383,11272,10,50,137,6937,309,4456,147,11393,California
Amador,3/17/2021,190,15977,41,4506,146,11418,3,53,114,6979,76,4532,118,11511,California
Amador,3/18/2021,471,16448,97,4603,370,11788,4,57,247,7009,224,4756,254,11765,California
Amador,3/19/2021,540,16988,56,4659,467,12255,17,74,391,7273,147,4903,411,12176,California
Amador,3/20/2021,110,17098,46,4705,63,12318,1,75,47,7261,62,4965,50,12226,California
Amador,3/21/2021,48,17146,36,4741,11,12329,1,76,31,7279,16,4981,34,12260,California
Amador,3/22/2021,114,17260,33,4774,52,12381,29,105,50,7294,64,5045,79,12339,California
Amador,3/23/2021,432,17692,48,4822,376,12757,8,113,276,7423,155,5200,284,12623,California
Amador,3/24/2021,341,18033,35,4857,55,12812,251,364,36,7406,304,5504,287,12910,California
Amador,3/25/2021,598,18631,81,4938,511,13323,6,370,388,7591,209,5713,394,13304,California
Amador,3/26/2021,738,19369,43,4981,689,14012,6,376,282,7429,453,6166,291,13595,California
Amador,3/27/2021,90,19459,14,4995,74,14086,2,378,26,7395,64,6230,30,13625,California
Amador,3/28/2021,68,19527,15,5010,51,14137,2,380,14,7359,53,6283,17,13642,California
Amador,3/29/2021,179,19706,26,5036,152,14289,1,381,81,7350,96,6379,87,13729,California
Amador,3/30/2021,532,20238,28,5064,503,14792,1,382,298,7416,233,6612,299,14028,California
Amador,3/31/2021,202,20440,57,5121,140,14932,5,387,47,7313,155,6767,52,14080,California
Amador,4/1/2021,613,21053,85,5206,528,15460,0,387,266,7236,345,7112,268,14348,California
Amador,4/2/2021,603,21656,34,5240,557,16017,12,399,383,7414,218,7330,396,14744,California
Amador,4/3/2021,83,21739,20,5260,43,16060,20,419,20,7392,63,7393,41,14785,California
Amador,4/4/2021,39,21778,4,5264,29,16089,6,425,16,7391,23,7416,22,14807,California
Amador,4/5/2021,140,21918,48,5312,74,16163,18,443,45,7361,94,7510,64,14871,California
Amador,4/6/2021,501,22419,37,5349,445,16608,19,462,223,7327,276,7786,242,15113,California
Amador,4/7/2021,100,22519,34,5383,47,16655,19,481,44,7336,54,7840,63,15176,California
Amador,4/8/2021,497,23016,84,5467,391,17046,22,503,223,7308,273,8113,245,15421,California
Amador,4/9/2021,482,23498,21,5488,442,17488,19,522,214,7272,267,8380,231,15652,California
Amador,4/10/2021,51,23549,14,5502,26,17514,11,533,22,7276,29,8409,33,15685,California
Amador,4/11/2021,48,23597,23,5525,21,17535,4,537,22,7276,26,8435,26,15711,California
Amador,4/12/2021,98,23695,27,5552,62,17597,9,546,43,7273,55,8490,52,15763,California
Amador,4/13/2021,343,24038,49,5601,294,17891,0,546,68,7067,274,8764,68,15831,California
Amador,4/14/2021,276,24314,25,5626,251,18142,0,546,177,7146,98,8862,177,16008,California
Amador,4/15/2021,329,24643,74,5700,255,18397,0,546,73,6969,250,9112,73,16081,California
Amador,4/16/2021,483,25126,29,5729,454,18851,0,546,384,7256,97,9209,384,16465,California
Amador,4/17/2021,63,25189,37,5766,26,18877,0,546,27,7247,36,9245,27,16492,California
Amador,4/18/2021,25,25214,5,5771,20,18897,0,546,11,7244,14,9259,11,16503,California
Amador,4/19/2021,69,25283,27,5798,42,18939,0,546,31,7240,37,9296,33,16536,California
Amador,4/20/2021,434,25717,53,5851,381,19320,0,546,111,7036,317,9613,113,16649,California
Amador,4/21/2021,86,25803,33,5884,53,19373,0,546,43,7037,42,9655,43,16692,California
Amador,4/22/2021,143,25946,66,5950,76,19449,1,547,61,7021,78,9733,62,16754,California
Amador,4/23/2021,285,26231,6,5956,279,19728,0,547,228,7194,56,9789,229,16983,California
Butte,12/16/2020,3,3,3,3,0,0,0,0,3,3,0,0,3,3,California
Butte,12/17/2020,21,24,21,24,0,0,0,0,21,24,0,0,21,24,California
Butte,12/18/2020,50,74,50,74,0,0,0,0,50,74,0,0,50,74,California
Butte,12/19/2020,7,81,7,81,0,0,0,0,7,81,0,0,7,81,California
Butte,12/20/2020,10,91,10,91,0,0,0,0,10,91,0,0,10,91,California
Butte,12/21/2020,634,725,634,725,0,0,0,0,634,725,0,0,634,725,California
Butte,12/22/2020,618,1343,616,1341,2,2,0,0,618,1343,0,0,618,1343,California
Butte,12/23/2020,869,2212,853,2194,16,18,0,0,869,2212,0,0,869,2212,California
Butte,12/24/2020,159,2371,156,2350,3,21,0,0,159,2371,0,0,159,2371,California
Butte,12/26/2020,93,2464,91,2441,2,23,0,0,93,2464,0,0,93,2464,California
Butte,12/27/2020,35,2499,34,2475,1,24,0,0,35,2499,0,0,35,2499,California
Butte,12/28/2020,279,2778,273,2748,6,30,0,0,279,2778,0,0,279,2778,California
Butte,12/29/2020,204,2982,180,2928,24,54,0,0,204,2982,0,0,204,2982,California
Butte,12/30/2020,502,3484,291,3219,211,265,0,0,502,3484,0,0,502,3484,California
Butte,12/31/2020,211,3695,18,3237,193,458,0,0,211,3695,0,0,211,3695,California
Butte,1/1/2021,8,3703,1,3238,7,465,0,0,8,3703,0,0,8,3703,California
Butte,1/2/2021,41,3744,38,3276,3,468,0,0,41,3744,0,0,41,3744,California
Butte,1/3/2021,4,3748,1,3277,3,471,0,0,4,3748,0,0,4,3748,California
Butte,1/4/2021,209,3957,175,3452,34,505,0,0,209,3957,0,0,209,3957,California
Butte,1/5/2021,196,4153,151,3603,45,550,0,0,195,4151,1,1,195,4152,California
Butte,1/6/2021,623,4776,397,4000,226,776,0,0,618,4765,5,6,619,4771,California
Butte,1/7/2021,763,5539,371,4371,392,1168,0,0,743,5488,20,26,743,5514,California
Butte,1/8/2021,572,6111,529,4900,43,1211,0,0,526,5968,46,72,526,6040,California
Butte,1/9/2021,12,6123,7,4907,5,1216,0,0,7,5970,5,77,7,6047,California
Butte,1/10/2021,19,6142,5,4912,14,1230,0,0,14,5979,5,82,14,6061,California
Butte,1/11/2021,986,7128,950,5862,36,1266,0,0,357,5710,629,711,360,6421,California
Butte,1/12/2021,697,7825,652,6514,45,1311,0,0,274,5561,423,1134,274,6695,California
Butte,1/13/2021,1448,9273,954,7468,494,1805,0,0,614,5343,834,1968,616,7311,California
Butte,1/14/2021,1637,10910,896,8364,741,2546,0,0,1440,6587,196,2164,1440,8751,California
Butte,1/15/2021,1170,12080,926,9290,244,2790,0,0,1061,7538,110,2274,1061,9812,California
Butte,1/16/2021,586,12666,300,9590,286,3076,0,0,541,8034,45,2319,541,10353,California
Butte,1/17/2021,239,12905,64,9654,175,3251,0,0,202,8199,37,2356,202,10555,California
Butte,1/18/2021,342,13247,302,9956,40,3291,0,0,274,8406,67,2423,274,10829,California
Butte,1/19/2021,493,13740,429,10385,64,3355,0,0,220,8353,273,2696,220,11049,California
Butte,1/20/2021,1346,15086,665,11050,681,4036,0,0,1043,9093,303,2999,1043,12092,California
Butte,1/21/2021,1474,16560,866,11916,608,4644,0,0,1366,10352,107,3106,1366,13458,California
Butte,1/22/2021,995,17555,336,12252,659,5303,0,0,942,11241,53,3159,942,14400,California
Butte,1/23/2021,125,17680,83,12335,42,5345,0,0,99,11314,26,3185,99,14499,California
Butte,1/24/2021,9,17689,7,12342,2,5347,0,0,9,11323,0,3185,9,14508,California
Butte,1/25/2021,654,18343,336,12678,318,5665,0,0,491,11651,163,3348,491,14999,California
Butte,1/26/2021,1467,19810,377,13055,1090,6755,0,0,1330,12844,137,3485,1330,16329,California
Butte,1/27/2021,2083,21893,708,13763,1375,8130,0,0,1364,13490,718,4203,1364,17693,California
Butte,1/28/2021,2262,24155,261,14024,2001,10131,0,0,1951,15131,310,4513,1951,19644,California
Butte,1/29/2021,1677,25832,488,14512,1189,11320,0,0,1298,16051,378,4891,1298,20942,California
Butte,1/30/2021,32,25864,9,14521,23,11343,0,0,29,16077,3,4894,29,20971,California
Butte,1/31/2021,17,25881,15,14536,2,11345,0,0,16,16092,1,4895,16,20987,California
Butte,2/1/2021,1748,27629,406,14942,1342,12687,0,0,1359,17064,387,5282,1359,22346,California
Butte,2/2/2021,1931,29560,362,15304,1569,14256,0,0,1628,18388,304,5586,1628,23974,California
Butte,2/3/2021,2733,32293,772,16076,1961,16217,0,0,1843,19343,888,6474,1843,25817,California
Butte,2/4/2021,2960,35253,327,16403,2633,18850,0,0,2405,21195,553,7027,2405,28222,California
Butte,2/5/2021,1168,36421,662,17065,506,19356,0,0,537,21102,631,7658,538,28760,California
Butte,2/6/2021,143,36564,102,17167,41,19397,0,0,61,21081,82,7740,61,28821,California
Butte,2/7/2021,37,36601,33,17200,4,19401,0,0,13,21070,24,7764,13,28834,California
Butte,2/8/2021,689,37290,540,17740,149,19550,0,0,238,20857,451,8215,238,29072,California
Butte,2/9/2021,951,38241,457,18197,494,20044,0,0,724,21354,227,8442,724,29796,California
Butte,2/10/2021,1708,39949,1191,19388,517,20561,0,0,699,21046,1007,9449,699,30495,California
Butte,2/11/2021,2198,42147,1348,20736,850,21411,0,0,1004,20856,1194,10643,1004,31499,California
Butte,2/12/2021,867,43014,302,21038,565,21976,0,0,317,20624,549,11192,317,31816,California
Butte,2/13/2021,254,43268,45,21083,209,22185,0,0,151,20672,103,11295,151,31967,California
Butte,2/14/2021,160,43428,9,21092,151,22336,0,0,155,20822,5,11300,155,32122,California
Butte,2/15/2021,261,43689,48,21140,213,22549,0,0,198,20957,63,11363,198,32320,California
Butte,2/16/2021,729,44418,428,21568,301,22850,0,0,273,20773,457,11820,273,32593,California
Butte,2/17/2021,1513,45931,847,22415,666,23516,0,0,841,20944,670,12490,841,33434,California
Butte,2/18/2021,1549,47480,758,23173,791,24307,0,0,744,20883,805,13295,744,34178,California
Butte,2/19/2021,1166,48646,387,23560,779,25086,0,0,401,20526,758,14053,401,34579,California
Butte,2/20/2021,473,49119,28,23588,445,25531,0,0,120,20294,352,14405,120,34699,California
Butte,2/21/2021,15,49134,13,23601,2,25533,0,0,11,20301,4,14409,11,34710,California
Butte,2/22/2021,1492,50626,295,23896,1197,26730,0,0,381,19572,1110,15519,381,35091,California
Butte,2/23/2021,1633,52259,298,24194,1335,28065,0,0,463,18870,1165,16684,463,35554,California
Butte,2/24/2021,2132,54391,596,24790,1536,29601,0,0,729,18204,1395,18079,729,36283,California
Butte,2/25/2021,2073,56464,574,25364,1499,31100,0,0,652,17441,1416,19495,653,36936,California
Butte,2/26/2021,921,57385,311,25675,610,31710,0,0,398,17319,520,20015,398,37334,California
Butte,2/27/2021,233,57618,47,25722,186,31896,0,0,186,17460,45,20060,186,37520,California
Butte,2/28/2021,139,57757,16,25738,123,32019,0,0,131,17583,8,20068,131,37651,California
Butte,3/1/2021,1623,59380,178,25916,1444,33463,1,1,327,16616,1295,21363,328,37979,California
Butte,3/2/2021,1737,61117,192,26108,1545,35008,0,1,305,15493,1428,22791,305,38284,California
Butte,3/3/2021,2779,63896,844,26952,1935,36943,0,1,481,13677,2297,25088,481,38765,California
Butte,3/4/2021,3122,67018,659,27611,2463,39406,0,1,610,11776,2511,27599,610,39375,California
Butte,3/5/2021,1328,68346,604,28215,723,40129,1,2,722,11896,603,28202,723,40098,California
Butte,3/6/2021,244,68590,27,28242,194,40323,23,25,183,12042,60,28262,206,40304,California
Butte,3/7/2021,55,68645,3,28245,35,40358,17,42,30,12064,25,28287,47,40351,California
Butte,3/8/2021,1262,69907,128,28373,1057,41415,77,119,1098,13077,162,28449,1175,41526,California
Butte,3/9/2021,1896,71803,276,28649,1517,42932,103,222,1411,14107,484,28933,1514,43040,California
Butte,3/10/2021,2321,74124,966,29615,1255,44187,100,322,1582,15054,734,29667,1681,44721,California
Butte,3/11/2021,2800,76924,1313,30928,1362,45549,125,447,1977,16343,813,30480,2102,46823,California
Butte,3/12/2021,1136,78060,324,31252,466,46015,346,793,354,16267,776,31256,700,47523,California
Butte,3/13/2021,252,78312,68,31320,136,46151,48,841,64,16191,188,31444,112,47635,California
Butte,3/14/2021,160,78472,15,31335,103,46254,42,883,21,16116,138,31582,63,47698,California
Butte,3/15/2021,1719,80191,360,31695,1066,47320,293,1176,1126,16947,588,32170,1419,49117,California
Butte,3/16/2021,1623,81814,414,32109,1131,48451,78,1254,1083,17570,537,32707,1160,50277,California
Butte,3/17/2021,1950,83764,1357,33466,512,48963,81,1335,1131,17970,811,33518,1211,51488,California
Butte,3/18/2021,1797,85561,1455,34921,213,49176,129,1464,1058,18421,735,34253,1186,52674,California
Butte,3/19/2021,697,86258,313,35234,300,49476,84,1548,345,18505,345,34598,429,53103,California
Butte,3/20/2021,205,86463,32,35266,157,49633,16,1564,93,18502,112,34710,109,53212,California
Butte,3/21/2021,57,86520,26,35292,2,49635,29,1593,15,18504,42,34752,44,53256,California
Butte,3/22/2021,1461,87981,353,35645,1014,50649,94,1687,1197,19533,262,35014,1291,54547,California
Butte,3/23/2021,1795,89776,487,36132,1194,51843,114,1801,1451,20755,343,35357,1565,56112,California
Butte,3/24/2021,2246,92022,1263,37395,857,52700,126,1927,1700,22038,542,35899,1825,57937,California
Butte,3/25/2021,1481,93503,1199,38594,192,52892,90,2017,1019,22688,459,36358,1109,59046,California
Butte,3/26/2021,1201,94704,434,39028,521,53413,246,2263,561,22863,632,36990,807,59853,California
Butte,3/27/2021,300,95004,83,39111,193,53606,24,2287,132,22853,165,37155,155,60008,California
Butte,3/28/2021,224,95228,42,39153,174,53780,8,2295,100,22839,121,37276,107,60115,California
Butte,3/29/2021,1720,96948,381,39534,1269,55049,70,2365,1309,23810,408,37684,1379,61494,California
Butte,3/30/2021,1032,97980,466,40000,476,55525,90,2455,492,23858,534,38218,582,62076,California
Butte,3/31/2021,1776,99756,1304,41304,405,55930,67,2522,1086,24327,684,38902,1153,63229,California
Butte,4/1/2021,3282,103038,2665,43969,490,56420,127,2649,2214,25606,1063,39965,2342,65571,California
Butte,4/2/2021,992,104030,414,44383,459,56879,119,2768,560,25860,424,40389,678,66249,California
Butte,4/3/2021,345,104375,47,44430,223,57102,75,2843,166,25922,179,40568,241,66490,California
Butte,4/4/2021,185,104560,22,44452,140,57242,23,2866,107,25976,76,40644,130,66620,California
Butte,4/5/2021,1958,106518,419,44871,1369,58611,170,3036,601,25396,1350,41994,770,67390,California
Butte,4/6/2021,2182,108700,617,45488,1145,59756,420,3456,785,25208,1391,43385,1203,68593,California
Butte,4/7/2021,2996,111696,1310,46798,1295,61051,391,3847,687,23982,2304,45689,1078,69671,California
Butte,4/8/2021,2714,114410,1185,47983,1263,62314,266,4113,436,22409,2275,47964,702,70373,California
Butte,4/9/2021,1365,115775,346,48329,540,62854,479,4592,327,22179,1035,48999,805,71178,California
Butte,4/10/2021,217,115992,46,48375,74,62928,97,4689,95,22249,121,49120,191,71369,California
Butte,4/11/2021,101,116093,44,48419,47,62975,10,4699,81,22322,18,49138,91,71460,California
Butte,4/12/2021,1406,117499,316,48735,956,63931,134,4833,252,21554,1154,50292,386,71846,California
Butte,4/13/2021,1636,119135,571,49306,1059,64990,6,4839,351,20634,1278,51570,358,72204,California
Butte,4/14/2021,2827,121962,2337,51643,490,65480,0,4839,1315,20443,1507,53077,1316,73520,California
Butte,4/15/2021,610,122572,373,52016,237,65717,0,4839,462,20759,146,53223,462,73982,California
Butte,4/16/2021,799,123371,406,52422,393,66110,0,4839,474,20911,322,53545,474,74456,California
Butte,4/17/2021,334,123705,60,52482,274,66384,0,4839,234,21046,99,53644,234,74690,California
Butte,4/18/2021,38,123743,8,52490,30,66414,0,4839,34,21076,4,53648,34,74724,California
Butte,4/19/2021,1556,125299,381,52871,1175,67589,0,4839,447,20417,1106,54754,447,75171,California
Butte,4/20/2021,1971,127270,726,53597,1245,68834,0,4839,790,20031,1176,55930,790,75961,California
Butte,4/21/2021,2045,129315,1167,54764,878,69712,0,4839,479,18950,1560,57490,479,76440,California
Butte,4/22/2021,2100,131415,1833,56597,267,69979,0,4839,537,17927,1560,59050,537,76977,California
Butte,4/23/2021,640,132055,334,56931,306,70285,0,4839,343,17975,295,59345,343,77320,California
Calaveras,12/16/2020,5,5,5,5,0,0,0,0,5,5,0,0,5,5,California
Calaveras,12/17/2020,3,8,3,8,0,0,0,0,3,8,0,0,3,8,California
Calaveras,12/18/2020,38,46,38,46,0,0,0,0,38,46,0,0,38,46,California
Calaveras,12/19/2020,3,49,3,49,0,0,0,0,3,49,0,0,3,49,California
Calaveras,12/20/2020,3,52,3,52,0,0,0,0,3,52,0,0,3,52,California
Calaveras,12/21/2020,55,107,48,100,7,7,0,0,55,107,0,0,55,107,California
Calaveras,12/22/2020,80,187,76,176,4,11,0,0,81,188,0,0,81,188,California
Calaveras,12/23/2020,76,263,74,250,2,13,0,0,76,264,0,0,76,264,California
Calaveras,12/24/2020,2,265,2,252,0,13,0,0,2,266,0,0,2,266,California
Calaveras,12/26/2020,3,268,3,255,0,13,0,0,3,269,0,0,3,269,California
Calaveras,12/28/2020,22,290,18,273,4,17,0,0,21,289,1,1,21,290,California
Calaveras,12/29/2020,168,458,148,421,20,37,0,0,168,457,0,1,168,458,California
Calaveras,12/30/2020,94,552,82,503,12,49,0,0,94,551,0,1,94,552,California
Calaveras,12/31/2020,35,587,25,528,10,59,0,0,35,586,0,1,35,587,California
Calaveras,1/2/2021,11,598,11,539,0,59,0,0,11,597,0,1,11,598,California
Calaveras,1/3/2021,9,607,4,543,5,64,0,0,9,606,0,1,9,607,California
Calaveras,1/4/2021,33,640,5,548,28,92,0,0,33,639,0,1,33,640,California
Calaveras,1/5/2021,41,681,10,558,31,123,0,0,33,669,8,9,38,678,California
Calaveras,1/6/2021,107,788,29,587,78,201,0,0,97,756,10,19,97,775,California
Calaveras,1/7/2021,104,892,25,612,79,280,0,0,92,838,11,30,93,868,California
Calaveras,1/8/2021,68,960,38,650,30,310,0,0,45,861,23,53,46,914,California
Calaveras,1/9/2021,5,965,5,655,0,310,0,0,2,860,3,56,2,916,California
Calaveras,1/10/2021,2,967,0,655,2,312,0,0,2,862,0,56,2,918,California
Calaveras,1/11/2021,64,1031,58,713,6,318,0,0,27,854,36,92,28,946,California
Calaveras,1/12/2021,85,1116,52,765,33,351,0,0,52,874,33,125,53,999,California
Calaveras,1/13/2021,107,1223,43,808,64,415,0,0,74,916,33,158,75,1074,California
Calaveras,1/14/2021,135,1358,40,848,95,510,0,0,102,987,32,190,103,1177,California
Calaveras,1/15/2021,90,1448,28,876,62,572,0,0,71,1039,19,209,71,1248,California
Calaveras,1/16/2021,13,1461,2,878,11,583,0,0,12,1050,1,210,12,1260,California
Calaveras,1/17/2021,10,1471,1,879,9,592,0,0,10,1060,0,210,10,1270,California
Calaveras,1/18/2021,131,1602,19,898,112,704,0,0,118,1168,13,223,121,1391,California
Calaveras,1/19/2021,204,1806,174,1072,30,734,0,0,62,1090,141,364,63,1454,California
Calaveras,1/20/2021,375,2181,81,1153,294,1028,0,0,291,1306,83,447,299,1753,California
Calaveras,1/21/2021,461,2642,40,1193,421,1449,0,0,434,1719,27,474,440,2193,California
Calaveras,1/22/2021,400,3042,23,1216,377,1826,0,0,390,2106,10,484,397,2590,California
Calaveras,1/23/2021,22,3064,10,1226,12,1838,0,0,18,2120,4,488,18,2608,California
Calaveras,1/24/2021,13,3077,8,1234,5,1843,0,0,11,2129,2,490,11,2619,California
Calaveras,1/25/2021,84,3161,8,1242,76,1919,0,0,79,2203,5,495,79,2698,California
Calaveras,1/26/2021,47,3208,16,1258,31,1950,0,0,38,2232,9,504,38,2736,California
Calaveras,1/27/2021,133,3341,43,1301,90,2040,0,0,106,2312,26,530,106,2842,California
Calaveras,1/28/2021,163,3504,22,1323,141,2181,0,0,140,2432,23,553,143,2985,California
Calaveras,1/29/2021,386,3890,13,1336,373,2554,0,0,362,2778,24,577,370,3355,California
Calaveras,1/30/2021,27,3917,10,1346,17,2571,0,0,25,2803,0,577,25,3380,California
Calaveras,1/31/2021,5,3922,3,1349,2,2573,0,0,4,2806,1,578,4,3384,California
Calaveras,2/1/2021,24,3946,11,1360,13,2586,0,0,18,2818,6,584,18,3402,California
Calaveras,2/2/2021,108,4054,22,1382,86,2672,0,0,70,2855,34,618,71,3473,California
Calaveras,2/3/2021,430,4484,43,1425,387,3059,0,0,347,3121,82,700,348,3821,California
Calaveras,2/4/2021,377,4861,24,1449,353,3412,0,0,295,3334,82,782,295,4116,California
Calaveras,2/5/2021,79,4940,23,1472,56,3468,0,0,41,3338,38,820,42,4158,California
Calaveras,2/6/2021,22,4962,13,1485,9,3477,0,0,22,3360,0,820,22,4180,California
Calaveras,2/7/2021,4,4966,1,1486,3,3480,0,0,2,3360,2,822,2,4182,California
Calaveras,2/8/2021,38,5004,17,1503,21,3501,0,0,30,3384,6,828,30,4212,California
Calaveras,2/9/2021,189,5193,74,1577,115,3616,0,0,128,3457,55,883,128,4340,California
Calaveras,2/10/2021,508,5701,27,1604,481,4097,0,0,443,3836,65,948,444,4784,California
Calaveras,2/11/2021,579,6280,78,1682,501,4598,0,0,473,4207,103,1051,474,5258,California
Calaveras,2/12/2021,569,6849,325,2007,244,4842,0,0,494,4629,73,1124,495,5753,California
Calaveras,2/13/2021,193,7042,37,2044,156,4998,0,0,178,4792,15,1139,178,5931,California
Calaveras,2/14/2021,221,7263,71,2115,150,5148,0,0,206,4983,15,1154,206,6137,California
Calaveras,2/15/2021,381,7644,22,2137,359,5507,0,0,261,5127,117,1271,261,6398,California
Calaveras,2/16/2021,268,7912,143,2280,125,5632,0,0,232,5323,36,1307,232,6630,California
Calaveras,2/17/2021,509,8421,37,2317,472,6104,0,0,211,5244,291,1598,212,6842,California
Calaveras,2/18/2021,497,8918,90,2407,407,6511,0,0,98,4953,389,1987,98,6940,California
Calaveras,2/19/2021,436,9354,43,2450,393,6904,0,0,97,4721,329,2316,97,7037,California
Calaveras,2/20/2021,59,9413,15,2465,44,6948,0,0,48,4758,11,2327,48,7085,California
Calaveras,2/21/2021,22,9435,13,2478,9,6957,0,0,19,4774,3,2330,19,7104,California
Calaveras,2/22/2021,61,9496,38,2516,23,6980,0,0,33,4779,28,2358,33,7137,California
Calaveras,2/23/2021,121,9617,39,2555,82,7062,0,0,87,4833,34,2392,88,7225,California
Calaveras,2/24/2021,97,9714,48,2603,49,7111,0,0,66,4869,30,2422,66,7291,California
Calaveras,2/25/2021,549,10263,98,2701,451,7562,0,0,360,5043,186,2608,360,7651,California
Calaveras,2/26/2021,706,10969,47,2748,659,8221,0,0,370,5094,321,2929,372,8023,California
Calaveras,2/27/2021,201,11170,21,2769,180,8401,0,0,178,5249,23,2952,178,8201,California
Calaveras,2/28/2021,96,11266,15,2784,81,8482,0,0,92,5337,4,2956,92,8293,California
Calaveras,3/1/2021,226,11492,40,2824,186,8668,0,0,146,5405,79,3035,147,8440,California
Calaveras,3/2/2021,241,11733,91,2915,150,8818,0,0,201,5568,39,3074,202,8642,California
Calaveras,3/3/2021,509,12242,102,3017,407,9225,0,0,214,5490,292,3366,214,8856,California
Calaveras,3/4/2021,736,12978,61,3078,674,9899,1,1,349,5459,382,3748,351,9207,California
Calaveras,3/5/2021,456,13434,271,3349,181,10080,4,5,141,5292,312,4060,145,9352,California
Calaveras,3/6/2021,155,13589,43,3392,106,10186,6,11,121,5385,34,4094,127,9479,California
Calaveras,3/7/2021,76,13665,32,3424,36,10222,8,19,34,5385,42,4136,42,9521,California
Calaveras,3/8/2021,160,13825,25,3449,127,10349,8,27,126,5486,33,4169,134,9655,California
Calaveras,3/9/2021,360,14185,137,3586,217,10566,6,33,33,5201,324,4493,39,9694,California
Calaveras,3/10/2021,414,14599,25,3611,386,10952,3,36,57,4906,355,4848,60,9754,California
Calaveras,3/11/2021,840,15439,414,4025,413,11365,13,49,425,4931,413,5261,438,10192,California
Calaveras,3/12/2021,399,15838,210,4235,178,11543,11,60,326,5200,73,5334,342,10534,California
Calaveras,3/13/2021,177,16015,16,4251,153,11696,8,68,144,5322,32,5366,154,10688,California
Calaveras,3/14/2021,155,16170,10,4261,144,11840,1,69,17,5209,138,5504,25,10713,California
Calaveras,3/15/2021,330,16500,47,4308,257,12097,26,95,52,5014,277,5781,82,10795,California
Calaveras,3/16/2021,682,17182,547,4855,115,12212,20,115,542,5437,139,5920,562,11357,California
Calaveras,3/17/2021,278,17460,52,4907,213,12425,13,128,51,5277,225,6145,65,11422,California
Calaveras,3/18/2021,665,18125,569,5476,81,12506,15,143,550,5729,115,6260,567,11989,California
Calaveras,3/19/2021,229,18354,49,5525,107,12613,73,216,55,5686,170,6430,127,12116,California
Calaveras,3/20/2021,80,18434,20,5545,59,12672,1,217,24,5656,56,6486,26,12142,California
Calaveras,3/21/2021,48,18482,31,5576,6,12678,11,228,13,5645,35,6521,24,12166,California
Calaveras,3/22/2021,79,18561,36,5612,22,12700,21,249,25,5637,54,6575,46,12212,California
Calaveras,3/23/2021,292,18853,204,5816,78,12778,10,259,114,5589,172,6747,124,12336,California
Calaveras,3/24/2021,131,18984,49,5865,72,12850,10,269,42,5552,89,6836,52,12388,California
Calaveras,3/25/2021,735,19719,101,5966,631,13481,3,272,443,5709,289,7125,446,12834,California
Calaveras,3/26/2021,425,20144,26,5992,393,13874,6,278,87,5469,335,7460,95,12929,California
Calaveras,3/27/2021,210,20354,18,6010,188,14062,4,282,37,5343,170,7630,44,12973,California
Calaveras,3/28/2021,112,20466,12,6022,98,14160,2,284,8,5251,103,7733,11,12984,California
Calaveras,3/29/2021,175,20641,21,6043,152,14312,2,286,57,5195,117,7850,61,13045,California
Calaveras,3/30/2021,517,21158,21,6064,481,14793,15,301,345,5384,172,8022,361,13406,California
Calaveras,3/31/2021,322,21480,141,6205,171,14964,10,311,154,5381,168,8190,165,13571,California
Calaveras,4/1/2021,677,22157,437,6642,239,15203,1,312,181,5071,495,8685,185,13756,California
Calaveras,4/2/2021,387,22544,226,6868,153,15356,8,320,112,4919,273,8958,121,13877,California
Calaveras,4/3/2021,141,22685,30,6898,107,15463,4,324,39,4860,102,9060,43,13920,California
Calaveras,4/4/2021,79,22764,26,6924,53,15516,0,324,51,4883,28,9088,51,13971,California
Calaveras,4/5/2021,205,22969,76,7000,120,15636,9,333,95,4878,110,9198,105,14076,California
Calaveras,4/6/2021,644,23613,570,7570,60,15696,14,347,106,4463,535,9733,120,14196,California
Calaveras,4/7/2021,749,24362,650,8220,63,15759,36,383,612,4975,137,9870,649,14845,California
Calaveras,4/8/2021,939,25301,851,9071,68,15827,20,403,434,4927,504,10374,456,15301,California
Calaveras,4/9/2021,149,25450,57,9128,45,15872,47,450,55,4936,94,10468,103,15404,California
Calaveras,4/10/2021,187,25637,42,9170,127,15999,18,468,146,5060,41,10509,165,15569,California
Calaveras,4/11/2021,67,25704,43,9213,22,16021,2,470,46,5087,21,10530,48,15617,California
Calaveras,4/12/2021,101,25805,49,9262,38,16059,14,484,57,5115,44,10574,72,15689,California
Calaveras,4/13/2021,419,26224,363,9625,56,16115,0,484,362,5424,55,10629,364,16053,California
Calaveras,4/14/2021,177,26401,27,9652,150,16265,0,484,133,5514,44,10673,134,16187,California
Calaveras,4/15/2021,334,26735,284,9936,50,16315,0,484,249,5681,82,10755,249,16436,California
Calaveras,4/16/2021,93,26828,20,9956,73,16388,0,484,45,5682,44,10799,45,16481,California
Calaveras,4/17/2021,323,27151,123,10079,200,16588,0,484,282,5923,41,10840,282,16763,California
Calaveras,4/18/2021,19,27170,6,10085,13,16601,0,484,12,5928,7,10847,12,16775,California
Calaveras,4/19/2021,67,27237,24,10109,43,16644,0,484,41,5945,25,10872,42,16817,California
Calaveras,4/20/2021,252,27489,87,10196,165,16809,0,484,188,6071,62,10934,188,17005,California
Calaveras,4/21/2021,204,27693,142,10338,62,16871,0,484,79,6028,123,11057,80,17085,California
Calaveras,4/22/2021,524,28217,91,10429,433,17304,0,484,138,5784,385,11442,141,17226,California
Calaveras,4/23/2021,53,28270,13,10442,40,17344,0,484,23,5779,28,11470,23,17249,California
Colusa,12/18/2020,1,1,1,1,0,0,0,0,1,1,0,0,1,1,California
Colusa,12/21/2020,2,3,2,3,0,0,0,0,2,3,0,0,2,3,California
Colusa,12/22/2020,10,13,10,13,0,0,0,0,10,13,0,0,10,13,California
Colusa,12/23/2020,10,23,10,23,0,0,0,0,10,23,0,0,10,23,California
Colusa,12/24/2020,2,25,1,24,1,1,0,0,2,25,0,0,2,25,California
Colusa,12/27/2020,1,26,1,25,0,1,0,0,1,26,0,0,1,26,California
Colusa,12/28/2020,7,33,3,28,4,5,0,0,7,33,0,0,7,33,California
Colusa,12/29/2020,11,44,8,36,3,8,0,0,11,44,0,0,11,44,California
Colusa,12/30/2020,50,94,13,49,37,45,0,0,50,94,0,0,50,94,California
Colusa,12/31/2020,18,112,1,50,17,62,0,0,18,112,0,0,18,112,California
Colusa,1/4/2021,4,116,0,50,4,66,0,0,4,116,0,0,4,116,California
Colusa,1/5/2021,67,183,1,51,66,132,0,0,67,183,0,0,67,183,California
Colusa,1/6/2021,15,198,9,60,6,138,0,0,15,198,0,0,15,198,California
Colusa,1/7/2021,38,236,4,64,34,172,0,0,37,234,1,1,37,235,California
Colusa,1/8/2021,9,245,7,71,2,174,0,0,8,241,1,2,8,243,California
Colusa,1/9/2021,2,247,1,72,1,175,0,0,2,243,0,2,2,245,California
Colusa,1/10/2021,1,248,0,72,1,176,0,0,1,244,0,2,1,246,California
Colusa,1/11/2021,12,260,6,78,6,182,0,0,7,246,5,7,7,253,California
Colusa,1/12/2021,11,271,9,87,2,184,0,0,6,247,5,12,6,259,California
Colusa,1/13/2021,21,292,13,100,8,192,0,0,13,252,8,20,13,272,California
Colusa,1/14/2021,35,327,28,128,7,199,0,0,33,283,2,22,33,305,California
Colusa,1/15/2021,41,368,5,133,36,235,0,0,39,320,2,24,39,344,California
Colusa,1/16/2021,12,380,1,134,11,246,0,0,11,330,1,25,11,355,California
Colusa,1/17/2021,3,383,2,136,1,247,0,0,2,331,1,26,2,357,California
Colusa,1/18/2021,4,387,0,136,4,251,0,0,4,335,0,26,4,361,California
Colusa,1/19/2021,9,396,8,144,1,252,0,0,5,336,4,30,5,366,California
Colusa,1/20/2021,115,511,101,245,14,266,0,0,102,425,13,43,102,468,California
Colusa,1/21/2021,56,567,41,286,15,281,0,0,55,479,1,44,55,523,California
Colusa,1/22/2021,40,607,17,303,23,304,0,0,35,509,5,49,35,558,California
Colusa,1/23/2021,35,642,6,309,29,333,0,0,35,544,0,49,35,593,California
Colusa,1/25/2021,7,649,0,309,7,340,0,0,7,551,0,49,7,600,California
Colusa,1/26/2021,8,657,5,314,3,343,0,0,5,553,3,52,5,605,California
Colusa,1/27/2021,107,764,31,345,76,419,0,0,105,656,2,54,105,710,California
Colusa,1/28/2021,79,843,46,391,33,452,0,0,72,721,7,61,72,782,California
Colusa,1/29/2021,41,884,7,398,34,486,0,0,40,760,1,62,40,822,California
Colusa,1/30/2021,27,911,4,402,23,509,0,0,27,787,0,62,27,849,California
Colusa,1/31/2021,7,918,7,409,0,509,0,0,7,794,0,62,7,856,California
Colusa,2/1/2021,27,945,10,419,17,526,0,0,22,811,5,67,22,878,California
Colusa,2/2/2021,42,987,8,427,34,560,0,0,36,841,6,73,36,914,California
Colusa,2/3/2021,69,1056,10,437,59,619,0,0,59,890,10,83,59,973,California
Colusa,2/4/2021,143,1199,81,518,62,681,0,0,115,977,28,111,115,1088,California
Colusa,2/5/2021,32,1231,8,526,24,705,0,0,29,1003,3,114,29,1117,California
Colusa,2/6/2021,284,1515,8,534,276,981,0,0,273,1265,11,125,273,1390,California
Colusa,2/7/2021,2,1517,1,535,1,982,0,0,0,1263,2,127,0,1390,California
Colusa,2/8/2021,40,1557,5,540,35,1017,0,0,37,1297,3,130,37,1427,California
Colusa,2/9/2021,231,1788,14,554,217,1234,0,0,176,1418,55,185,176,1603,California
Colusa,2/10/2021,116,1904,41,595,75,1309,0,0,73,1448,43,228,73,1676,California
Colusa,2/11/2021,97,2001,36,631,61,1370,0,0,72,1495,25,253,72,1748,California
Colusa,2/12/2021,117,2118,9,640,108,1478,0,0,79,1535,39,292,79,1827,California
Colusa,2/13/2021,60,2178,8,648,52,1530,0,0,52,1579,8,300,52,1879,California
Colusa,2/14/2021,20,2198,8,656,12,1542,0,0,14,1587,6,306,14,1893,California
Colusa,2/15/2021,45,2243,10,666,35,1577,0,0,38,1618,7,313,38,1931,California
Colusa,2/16/2021,67,2310,4,670,63,1640,0,0,66,1683,1,314,66,1997,California
Colusa,2/17/2021,206,2516,143,813,63,1703,0,0,60,1597,146,460,60,2057,California
Colusa,2/18/2021,135,2651,35,848,100,1803,0,0,112,1686,23,483,112,2169,California
Colusa,2/19/2021,155,2806,19,867,136,1939,0,0,129,1789,26,509,129,2298,California
Colusa,2/20/2021,28,2834,6,873,22,1961,0,0,12,1785,16,525,12,2310,California
Colusa,2/21/2021,1,2835,1,874,0,1961,0,0,0,1784,1,526,0,2310,California
Colusa,2/22/2021,43,2878,26,900,17,1978,0,0,29,1799,14,540,29,2339,California
Colusa,2/23/2021,22,2900,6,906,16,1994,0,0,18,1813,4,544,18,2357,California
Colusa,2/24/2021,300,3200,54,960,246,2240,0,0,158,1829,142,686,158,2515,California
Colusa,2/25/2021,101,3301,54,1014,47,2287,0,0,66,1860,35,721,66,2581,California
Colusa,2/26/2021,97,3398,12,1026,85,2372,0,0,58,1879,39,760,58,2639,California
Colusa,2/27/2021,55,3453,4,1030,51,2423,0,0,40,1904,15,775,40,2679,California
Colusa,2/28/2021,26,3479,14,1044,12,2435,0,0,18,1914,8,783,18,2697,California
Colusa,3/1/2021,46,3525,15,1059,31,2466,0,0,29,1926,17,800,29,2726,California
Colusa,3/2/2021,49,3574,13,1072,36,2502,0,0,26,1929,23,823,26,2752,California
Colusa,3/3/2021,238,3812,39,1111,199,2701,0,0,181,2053,57,880,181,2933,California
Colusa,3/4/2021,136,3948,58,1169,78,2779,0,0,80,2077,56,936,80,3013,California
Colusa,3/5/2021,98,4046,25,1194,64,2843,9,9,53,2094,45,981,62,3075,California
Colusa,3/6/2021,274,4320,9,1203,265,3108,0,9,37,1894,237,1218,37,3112,California
Colusa,3/7/2021,8,4328,5,1208,3,3111,0,9,6,1898,2,1220,6,3118,California
Colusa,3/8/2021,88,4416,20,1228,33,3144,35,44,44,1933,44,1264,79,3197,California
Colusa,3/9/2021,272,4688,70,1298,179,3323,23,67,83,1850,189,1453,106,3303,California
Colusa,3/10/2021,287,4975,35,1333,216,3539,36,103,201,2001,86,1539,237,3540,California
Colusa,3/11/2021,416,5391,57,1390,338,3877,21,124,335,2274,81,1620,354,3894,California
Colusa,3/12/2021,109,5500,18,1408,78,3955,13,137,19,2216,90,1710,32,3926,California
Colusa,3/13/2021,61,5561,16,1424,36,3991,9,146,18,2200,43,1753,27,3953,California
Colusa,3/14/2021,20,5581,0,1424,18,4009,2,148,6,2195,13,1766,8,3961,California
Colusa,3/15/2021,69,5650,26,1450,35,4044,8,156,14,2162,55,1821,22,3983,California
Colusa,3/16/2021,295,5945,15,1465,234,4278,46,202,188,2289,107,1928,234,4217,California
Colusa,3/17/2021,195,6140,49,1514,146,4424,0,202,111,2316,84,2012,111,4328,California
Colusa,3/18/2021,320,6460,33,1547,216,4640,71,273,197,2461,123,2135,268,4596,California
Colusa,3/19/2021,78,6538,20,1567,56,4696,2,275,55,2495,23,2158,57,4653,California
Colusa,3/20/2021,49,6587,7,1574,41,4737,1,276,36,2519,13,2171,37,4690,California
Colusa,3/21/2021,6,6593,4,1578,2,4739,0,276,4,2521,2,2173,4,4694,California
Colusa,3/22/2021,62,6655,10,1588,43,4782,9,285,40,2548,22,2195,49,4743,California
Colusa,3/23/2021,81,6736,16,1604,63,4845,2,287,54,2577,27,2222,56,4799,California
Colusa,3/24/2021,338,7074,57,1661,275,5120,6,293,70,2384,268,2490,75,4874,California
Colusa,3/25/2021,109,7183,60,1721,44,5164,5,298,52,2384,57,2547,57,4931,California
Colusa,3/26/2021,297,7480,46,1767,247,5411,4,302,244,2579,53,2600,248,5179,California
Colusa,3/27/2021,62,7542,5,1772,57,5468,0,302,24,2565,38,2638,24,5203,California
Colusa,3/28/2021,15,7557,6,1778,9,5477,0,302,7,2564,8,2646,7,5210,California
Colusa,3/29/2021,69,7626,19,1797,44,5521,6,308,30,2561,39,2685,36,5246,California
Colusa,3/30/2021,147,7773,78,1875,67,5588,2,310,75,2566,72,2757,77,5323,California
Colusa,3/31/2021,228,8001,36,1911,192,5780,0,310,72,2484,154,2911,72,5395,California
Colusa,4/1/2021,421,8422,65,1976,301,6081,55,365,300,2719,120,3031,355,5750,California
Colusa,4/2/2021,81,8503,14,1990,54,6135,13,378,39,2729,42,3073,52,5802,California
Colusa,4/3/2021,62,8565,10,2000,29,6164,23,401,14,2718,48,3121,37,5839,California
Colusa,4/4/2021,18,8583,0,2000,8,6172,10,411,3,2716,15,3136,13,5852,California
Colusa,4/5/2021,95,8678,25,2025,55,6227,15,426,39,2714,56,3192,54,5906,California
Colusa,4/6/2021,128,8806,33,2058,45,6272,50,476,43,2722,85,3277,93,5999,California
Colusa,4/7/2021,357,9163,40,2098,294,6566,23,499,133,2655,224,3501,157,6156,California
Colusa,4/8/2021,427,9590,33,2131,366,6932,28,527,122,2502,302,3803,149,6305,California
Colusa,4/9/2021,76,9666,21,2152,32,6964,23,550,28,2505,48,3851,51,6356,California
Colusa,4/10/2021,45,9711,9,2161,16,6980,20,570,13,2506,32,3883,33,6389,California
Colusa,4/11/2021,15,9726,2,2163,11,6991,2,572,7,2507,8,3891,9,6398,California
Colusa,4/12/2021,31,9757,3,2166,28,7019,0,572,24,2524,7,3898,24,6422,California
Colusa,4/13/2021,279,10036,23,2189,256,7275,0,572,95,2436,183,4081,95,6517,California
Colusa,4/14/2021,94,10130,19,2208,75,7350,0,572,33,2408,61,4142,33,6550,California
Colusa,4/15/2021,317,10447,42,2250,275,7625,0,572,129,2349,188,4330,129,6679,California
Colusa,4/16/2021,80,10527,11,2261,69,7694,0,572,36,2342,43,4373,36,6715,California
Colusa,4/17/2021,53,10580,7,2268,46,7740,0,572,31,2351,22,4395,31,6746,California
Colusa,4/18/2021,9,10589,2,2270,7,7747,0,572,7,2356,2,4397,7,6753,California
Colusa,4/19/2021,61,10650,22,2292,39,7786,0,572,17,2329,44,4441,17,6770,California
Colusa,4/20/2021,176,10826,32,2324,144,7930,0,572,128,2409,48,4489,128,6898,California
Colusa,4/21/2021,168,10994,59,2383,109,8039,0,572,109,2459,59,4548,109,7007,California
Colusa,4/22/2021,372,11366,25,2408,346,8385,1,573,186,2460,185,4733,186,7193,California
Colusa,4/23/2021,55,11421,9,2417,46,8431,0,573,17,2439,38,4771,17,7210,California
Contra Costa,12/15/2020,18,18,18,18,0,0,0,0,18,18,0,0,18,18,California
Contra Costa,12/16/2020,522,540,522,540,0,0,0,0,522,540,0,0,522,540,California
Contra Costa,12/17/2020,909,1449,909,1449,0,0,0,0,909,1449,0,0,909,1449,California
Contra Costa,12/18/2020,1591,3040,1590,3039,1,1,0,0,1591,3040,0,0,1591,3040,California
Contra Costa,12/19/2020,1101,4141,1100,4139,1,2,0,0,1101,4141,0,0,1101,4141,California
Contra Costa,12/20/2020,583,4724,582,4721,1,3,0,0,583,4724,0,0,583,4724,California
Contra Costa,12/21/2020,1653,6377,1651,6372,2,5,0,0,1653,6377,0,0,1653,6377,California
Contra Costa,12/22/2020,1665,8042,1561,7933,104,109,0,0,1665,8042,0,0,1665,8042,California
Contra Costa,12/23/2020,1580,9622,1334,9267,246,355,0,0,1580,9622,0,0,1580,9622,California
Contra Costa,12/24/2020,654,10276,336,9603,318,673,0,0,654,10276,0,0,654,10276,California
Contra Costa,12/25/2020,39,10315,17,9620,22,695,0,0,39,10315,0,0,39,10315,California
Contra Costa,12/26/2020,641,10956,131,9751,510,1205,0,0,641,10956,0,0,641,10956,California
Contra Costa,12/27/2020,240,11196,87,9838,153,1358,0,0,240,11196,0,0,240,11196,California
Contra Costa,12/28/2020,1829,13025,860,10698,969,2327,0,0,1829,13025,0,0,1829,13025,California
Contra Costa,12/29/2020,1826,14851,824,11522,1002,3329,0,0,1826,14851,0,0,1826,14851,California
Contra Costa,12/30/2020,2389,17240,1214,12736,1175,4504,0,0,2388,17239,0,0,2388,17239,California
Contra Costa,12/31/2020,914,18154,308,13044,606,5110,0,0,913,18152,0,0,913,18152,California
Contra Costa,1/1/2021,59,18213,23,13067,36,5146,0,0,59,18211,0,0,59,18211,California
Contra Costa,1/2/2021,334,18547,173,13240,161,5307,0,0,334,18545,0,0,334,18545,California
Contra Costa,1/3/2021,175,18722,117,13357,58,5365,0,0,174,18719,0,0,174,18719,California
Contra Costa,1/4/2021,1902,20624,1250,14607,652,6017,0,0,1881,20581,19,19,1881,20600,California
Contra Costa,1/5/2021,2098,22722,1257,15864,841,6858,0,0,1839,22163,258,277,1840,22440,California
Contra Costa,1/6/2021,3271,25993,2242,18106,1029,7887,0,0,2510,23921,755,1032,2513,24953,California
Contra Costa,1/7/2021,3087,29080,2057,20163,1030,8917,0,0,1876,24589,1208,2240,1876,26829,California
Contra Costa,1/8/2021,3379,32459,2387,22550,992,9909,0,0,1818,24854,1556,3796,1821,28650,California
Contra Costa,1/9/2021,1585,34044,1133,23683,452,10361,0,0,749,24770,835,4631,751,29401,California
Contra Costa,1/10/2021,359,34403,286,23969,73,10434,0,0,150,24711,209,4840,150,29551,California
Contra Costa,1/11/2021,3834,38237,3143,27112,691,11125,0,0,2231,25341,1603,6443,2233,31784,California
Contra Costa,1/12/2021,3906,42143,2929,30041,977,12102,0,0,2582,26601,1324,7767,2584,34368,California
Contra Costa,1/13/2021,4667,46810,2880,32921,1787,13889,0,0,3734,29407,929,8696,3735,38103,California
Contra Costa,1/14/2021,4301,51111,1553,34474,2748,16637,0,0,3919,32944,382,9078,3919,42022,California
Contra Costa,1/15/2021,5330,56441,2457,36931,2873,19510,0,0,5007,37633,322,9400,5011,47033,California
Contra Costa,1/16/2021,1716,58157,552,37483,1164,20674,0,0,1641,39199,75,9475,1641,48674,California
Contra Costa,1/17/2021,1636,59793,974,38457,662,21336,0,0,1513,40592,123,9598,1516,50190,California
Contra Costa,1/18/2021,3194,62987,1254,39711,1940,23276,0,0,2571,42547,617,10215,2572,52762,California
Contra Costa,1/19/2021,7059,70046,3157,42868,3902,27178,0,0,6056,47608,1000,11215,6061,58823,California
Contra Costa,1/20/2021,6607,76653,4053,46921,2554,29732,0,0,5375,51760,1228,12443,5380,64203,California
Contra Costa,1/21/2021,6953,83606,3091,50012,3862,33594,0,0,6230,57280,718,13161,6238,70441,California
Contra Costa,1/22/2021,6362,89968,2699,52711,3663,37257,0,0,5505,61940,848,14009,5508,75949,California
Contra Costa,1/23/2021,2023,91991,358,53069,1665,38922,0,0,1765,63451,256,14265,1767,77716,California
Contra Costa,1/24/2021,1581,93572,219,53288,1362,40284,0,0,1436,64746,145,14410,1440,79156,California
Contra Costa,1/25/2021,6647,100219,3016,56304,3631,43915,0,0,5084,68272,1561,15971,5087,84243,California
Contra Costa,1/26/2021,8073,108292,4676,60980,3397,47312,0,0,6238,72686,1827,17798,6241,90484,California
Contra Costa,1/27/2021,8228,116520,5491,66471,2737,50049,0,0,6339,77221,1808,19606,6343,96827,California
Contra Costa,1/28/2021,7430,123950,4076,70547,3354,53403,0,0,5831,81463,1593,21199,5835,102662,California
Contra Costa,1/29/2021,7438,131388,3888,74435,3550,56953,0,0,6129,86289,1305,22504,6131,108793,California
Contra Costa,1/30/2021,2080,133468,595,75030,1485,58438,0,0,1715,87646,358,22862,1715,110508,California
Contra Costa,1/31/2021,699,134167,480,75510,219,58657,0,0,572,88094,124,22986,572,111080,California
Contra Costa,2/1/2021,5518,139685,3761,79271,1757,60414,0,0,3889,90362,1624,24610,3892,114972,California
Contra Costa,2/2/2021,7746,147431,5272,84543,2474,62888,0,0,5898,94415,1846,26456,5899,120871,California
Contra Costa,2/3/2021,8265,155696,5458,90001,2807,65695,0,0,5631,97424,2623,29079,5632,126503,California
Contra Costa,2/4/2021,7440,163136,3534,93535,3906,69601,0,0,5721,101432,1715,30794,5723,132226,California
Contra Costa,2/5/2021,8422,171558,4818,98353,3604,73205,0,0,5717,104451,2698,33492,5717,137943,California
Contra Costa,2/6/2021,3465,175023,2152,100505,1313,74518,0,0,2814,106616,650,34142,2815,140758,California
Contra Costa,2/7/2021,979,176002,708,101213,271,74789,0,0,603,106844,375,34517,603,141361,California
Contra Costa,2/8/2021,5805,181807,3438,104651,2367,77156,0,0,4330,109705,1470,35987,4331,145692,California
Contra Costa,2/9/2021,8643,190450,4762,109413,3881,81037,0,0,5759,112586,2879,38866,5760,151452,California
Contra Costa,2/10/2021,8624,199074,4645,114058,3979,85016,0,0,5406,114793,3203,42069,5410,156862,California
Contra Costa,2/11/2021,9295,208369,4206,118264,5089,90105,0,0,5272,116052,4017,46086,5276,162138,California
Contra Costa,2/12/2021,10062,218431,4607,122871,5455,95560,0,0,5455,116910,4600,50686,5458,167596,California
Contra Costa,2/13/2021,4872,223303,1363,124234,3509,99069,0,0,3404,118850,1465,52151,3405,171001,California
Contra Costa,2/14/2021,2088,225391,864,125098,1224,100293,0,0,1226,119215,861,53012,1226,172227,California
Contra Costa,2/15/2021,4440,229831,2461,127559,1979,102272,0,0,2351,119485,2082,55094,2352,174579,California
Contra Costa,2/16/2021,10408,240239,4902,132461,5506,107778,0,0,4636,118359,5765,60859,4639,179218,California
Contra Costa,2/17/2021,12267,252506,6122,138583,6145,113923,0,0,5620,117347,6633,67492,5621,184839,California
Contra Costa,2/18/2021,11444,263950,5954,144537,5490,119413,0,0,5309,116534,6124,73616,5311,190150,California
Contra Costa,2/19/2021,11395,275345,7104,151641,4291,123704,0,0,5169,115493,6211,79827,5170,195320,California
Contra Costa,2/20/2021,6441,281786,2887,154528,3554,127258,0,0,4566,118202,1859,81686,4568,199888,California
Contra Costa,2/21/2021,1794,283580,1248,155776,546,127804,0,0,1081,118571,712,82398,1081,200969,California
Contra Costa,2/22/2021,7527,291107,5095,160871,2432,130236,0,0,3457,117971,4059,86457,3459,204428,California
Contra Costa,2/23/2021,11885,302992,7244,168115,4641,134877,0,0,5914,117931,5958,92415,5918,210346,California
Contra Costa,2/24/2021,10460,313452,7668,175783,2792,137669,0,0,5038,117565,5406,97821,5040,215386,California
Contra Costa,2/25/2021,11452,324904,7206,182989,4246,141915,0,0,5196,116529,6236,104057,5200,220586,California
Contra Costa,2/26/2021,10683,335587,6732,189721,3951,145866,0,0,5291,116444,5377,109434,5292,225878,California
Contra Costa,2/27/2021,6612,342199,4203,193924,2409,148275,0,0,4102,118043,2504,111938,4103,229981,California
Contra Costa,2/28/2021,3784,345983,3116,197040,668,148943,0,0,3189,120641,592,112530,3190,233171,California
Contra Costa,3/1/2021,8084,354067,6074,203114,2007,150950,3,3,4962,122500,3108,115638,4967,238138,California
Contra Costa,3/2/2021,10120,364187,6305,209419,3814,154764,1,4,5247,122890,4858,120496,5248,243386,California
Contra Costa,3/3/2021,11099,375286,6929,216348,4169,158933,1,5,6190,124187,4895,125391,6192,249578,California
Contra Costa,3/4/2021,11844,387130,7062,223410,4782,163715,0,5,6127,124616,5698,131089,6127,255705,California
Contra Costa,3/5/2021,11213,398343,6663,230073,4545,168260,5,10,6383,126188,4816,135905,6388,262093,California
Contra Costa,3/6/2021,7285,405628,4002,234075,2974,171234,309,319,4709,128640,2564,138469,5016,267109,California
Contra Costa,3/7/2021,3613,409241,2266,236341,1287,172521,60,379,2940,130968,672,139141,3000,270109,California
Contra Costa,3/8/2021,8037,417278,3750,240091,3984,176505,303,682,5356,133961,2670,141811,5663,275772,California
Contra Costa,3/9/2021,10168,427446,4992,245083,4883,181388,293,975,5020,134134,5141,146952,5314,281086,California
Contra Costa,3/10/2021,12098,439544,5948,251031,4658,186046,1492,2467,5459,134448,6631,153583,6945,288031,California
Contra Costa,3/11/2021,12450,451994,6560,257591,5331,191377,559,3026,6353,135287,6076,159659,6915,294946,California
Contra Costa,3/12/2021,12513,464507,5132,262723,6840,198217,541,3567,6251,135833,6246,165905,6792,301738,California
Contra Costa,3/13/2021,7748,472255,3067,265790,4258,202475,423,3990,3070,134659,4661,170566,3487,305225,California
Contra Costa,3/14/2021,4342,476597,2540,268330,1318,203793,484,4474,2075,134956,2261,172827,2558,307783,California
Contra Costa,3/15/2021,9372,485969,5054,273384,3565,207358,753,5227,4754,135860,4603,177430,5507,313290,California
Contra Costa,3/16/2021,14238,500207,8454,281838,5389,212747,395,5622,7261,136559,6957,184387,7656,320946,California
Contra Costa,3/17/2021,14960,515167,10326,292164,4423,217170,211,5833,8562,138960,6377,190764,8778,329724,California
Contra Costa,3/18/2021,15351,530518,8526,300690,6345,223515,480,6313,8790,141694,6534,197298,9268,338992,California
Contra Costa,3/19/2021,15471,545989,8873,309563,5210,228725,1388,7701,8294,144215,7165,204463,9686,348678,California
Contra Costa,3/20/2021,10601,556590,6325,315888,3971,232696,305,8006,5231,144396,5354,209817,5535,354213,California
Contra Costa,3/21/2021,4431,561021,3881,319769,463,233159,87,8093,2082,144220,2344,212161,2168,356381,California
Contra Costa,3/22/2021,11497,572518,8664,328433,2584,235743,249,8342,7071,147125,4414,216575,7319,363700,California
Contra Costa,3/23/2021,15562,588080,10720,339153,4672,240415,170,8512,9495,150751,6041,222616,9667,373367,California
Contra Costa,3/24/2021,14940,603020,11668,350821,3060,243475,212,8724,9193,154440,5717,228333,9406,382773,California
Contra Costa,3/25/2021,15217,618237,11855,362676,3077,246552,285,9009,9399,158342,5782,234115,9684,392457,California
Contra Costa,3/26/2021,14897,633134,10676,373352,3827,250379,394,9403,8794,161444,6083,240198,9185,401642,California
Contra Costa,3/27/2021,10409,643543,6737,380089,3163,253542,509,9912,5769,163085,4633,244831,6274,407916,California
Contra Costa,3/28/2021,4121,647664,2917,383006,1151,254693,53,9965,1769,162565,2342,247173,1822,409738,California
Contra Costa,3/29/2021,10807,658471,8438,391444,2254,256947,115,10080,7081,166050,3712,250885,7197,416935,California
Contra Costa,3/30/2021,16711,675182,9104,400548,6255,263202,1352,11432,11049,172800,5646,256531,12396,429331,California
Contra Costa,3/31/2021,17920,693102,12549,413097,3932,267134,1439,12871,11560,179471,6330,262861,13001,442332,California
Contra Costa,4/1/2021,17407,710509,12198,425295,3848,270982,1361,14232,11349,186145,6036,268897,12710,455042,California
Contra Costa,4/2/2021,17375,727884,12834,438129,3535,274517,1006,15238,11564,192914,5800,274697,12569,467611,California
Contra Costa,4/3/2021,10780,738664,6430,444559,2815,277332,1535,16773,6192,196066,4575,279272,7727,475338,California
Contra Costa,4/4/2021,3316,741980,1312,445871,1414,278746,590,17363,899,195142,2413,281685,1489,476827,California
Contra Costa,4/5/2021,12044,754024,7873,453744,3207,281953,964,18327,6603,197276,5432,287117,7566,484393,California
Contra Costa,4/6/2021,17246,771270,11983,465727,2992,284945,2271,20598,9758,201835,7470,294587,12029,496422,California
Contra Costa,4/7/2021,18429,789699,12492,478219,3147,288092,2790,23388,10483,207221,7927,302514,13313,509735,California
Contra Costa,4/8/2021,18613,808312,12445,490664,3267,291359,2901,26289,10038,211598,8551,311065,12928,522663,California
Contra Costa,4/9/2021,18643,826955,11942,502606,4230,295589,2471,28760,10006,215462,8614,319679,12478,535141,California
Contra Costa,4/10/2021,10480,837435,3809,506415,2130,297719,4541,33301,3287,216101,7181,326860,7820,542961,California
Contra Costa,4/11/2021,3320,840755,1989,508404,680,298399,651,33952,1129,215697,2186,329046,1782,544743,California
Contra Costa,4/12/2021,11824,852579,7845,516249,2952,301351,1027,34979,5604,216125,6208,335254,6636,551379,California
Contra Costa,4/13/2021,17788,870367,10883,527132,6900,308251,5,34984,11899,222165,5869,341123,11909,563288,California
Contra Costa,4/14/2021,17467,887834,10967,538099,6500,314751,0,34984,9694,224111,7751,348874,9697,572985,California
Contra Costa,4/15/2021,17337,905171,10645,548744,6691,321442,1,34985,8054,222929,9255,358129,8073,581058,California
Contra Costa,4/16/2021,16758,921929,10451,559195,6306,327748,1,34986,7570,221341,9164,367293,7576,588634,California
Contra Costa,4/17/2021,11301,933230,6231,565426,5070,332818,0,34986,6096,222251,5191,372484,6101,594735,California
Contra Costa,4/18/2021,2724,935954,2105,567531,619,333437,0,34986,1778,223090,939,373423,1778,596513,California
Contra Costa,4/19/2021,11198,947152,8365,575896,2833,336270,0,34986,3473,218861,7704,381127,3475,599988,California
Contra Costa,4/20/2021,16509,963661,10707,586603,5802,342072,0,34986,6206,214792,10279,391406,6210,606198,California
Contra Costa,4/21/2021,17209,980870,14066,600669,3143,345215,0,34986,6112,209847,11066,402472,6121,612319,California
Contra Costa,4/22/2021,14522,995392,11652,612321,2869,348084,1,34987,4753,204870,9743,412215,4766,617085,California
Contra Costa,4/23/2021,11290,1006682,9441,621762,1849,349933,0,34987,3076,199764,8186,420401,3080,620165,California
Del Norte,12/21/2020,23,23,23,23,0,0,0,0,23,23,0,0,23,23,California
Del Norte,12/22/2020,46,69,46,69,0,0,0,0,46,69,0,0,46,69,California
Del Norte,12/23/2020,58,127,48,117,10,10,0,0,57,126,0,0,57,126,California
Del Norte,12/28/2020,34,161,34,151,0,10,0,0,34,160,0,0,34,160,California
Del Norte,12/29/2020,4,165,4,155,0,10,0,0,4,164,0,0,4,164,California
Del Norte,12/30/2020,67,232,55,210,12,22,0,0,68,232,0,0,68,232,California
Del Norte,12/31/2020,16,248,13,223,3,25,0,0,16,248,0,0,16,248,California
Del Norte,1/4/2021,102,350,49,272,53,78,0,0,102,350,0,0,102,350,California
Del Norte,1/5/2021,32,382,0,272,32,110,0,0,32,382,0,0,32,382,California
Del Norte,1/6/2021,77,459,18,290,59,169,0,0,77,459,0,0,77,459,California
Del Norte,1/7/2021,21,480,1,291,20,189,0,0,21,480,0,0,21,480,California
Del Norte,1/8/2021,77,557,7,298,70,259,0,0,77,557,0,0,77,557,California
Del Norte,1/11/2021,40,597,21,319,19,278,0,0,18,554,22,22,19,576,California
Del Norte,1/12/2021,51,648,32,351,19,297,0,0,30,563,21,43,30,606,California
Del Norte,1/13/2021,85,733,40,391,45,342,0,0,52,582,33,76,52,658,California
Del Norte,1/14/2021,52,785,14,405,38,380,0,0,46,622,6,82,46,704,California
Del Norte,1/15/2021,107,892,18,423,89,469,0,0,95,705,12,94,95,799,California
Del Norte,1/17/2021,1,893,1,424,0,469,0,0,1,706,0,94,1,800,California
Del Norte,1/18/2021,2,895,0,424,2,471,0,0,2,708,0,94,2,802,California
Del Norte,1/19/2021,119,1014,56,480,63,534,0,0,77,743,42,136,77,879,California
Del Norte,1/20/2021,158,1172,84,564,74,608,0,0,96,777,62,198,96,975,California
Del Norte,1/21/2021,43,1215,40,604,3,611,0,0,32,798,11,209,32,1007,California
Del Norte,1/22/2021,19,1234,16,620,3,614,0,0,12,803,7,216,12,1019,California
Del Norte,1/23/2021,1,1235,0,620,1,615,0,0,1,804,0,216,1,1020,California
Del Norte,1/24/2021,1,1236,0,620,1,616,0,0,1,805,0,216,1,1021,California
Del Norte,1/25/2021,100,1336,82,702,18,634,0,0,56,817,44,260,56,1077,California
Del Norte,1/26/2021,18,1354,11,713,7,641,0,0,7,813,11,271,7,1084,California
Del Norte,1/27/2021,64,1418,21,734,43,684,0,0,61,871,3,274,61,1145,California
Del Norte,1/28/2021,291,1709,20,754,271,955,0,0,286,1152,5,279,286,1431,California
Del Norte,1/29/2021,54,1763,21,775,33,988,0,0,44,1186,10,289,44,1475,California
Del Norte,1/30/2021,8,1771,1,776,7,995,0,0,8,1194,0,289,8,1483,California
Del Norte,2/1/2021,41,1812,1,777,40,1035,0,0,26,1205,15,304,26,1509,California
Del Norte,2/2/2021,142,1954,34,811,108,1143,0,0,73,1210,68,372,73,1582,California
Del Norte,2/3/2021,125,2079,40,851,85,1228,0,0,71,1227,54,426,71,1653,California
Del Norte,2/4/2021,71,2150,29,880,42,1270,0,0,42,1240,29,455,42,1695,California
Del Norte,2/5/2021,183,2333,22,902,161,1431,0,0,120,1298,62,517,120,1815,California
Del Norte,2/6/2021,312,2645,6,908,306,1737,0,0,312,1610,0,517,312,2127,California
Del Norte,2/7/2021,2,2647,1,909,1,1738,0,0,2,1612,0,517,2,2129,California
Del Norte,2/8/2021,36,2683,1,910,35,1773,0,0,32,1640,4,521,32,2161,California
Del Norte,2/9/2021,8,2691,5,915,3,1776,0,0,2,1636,6,527,2,2163,California
Del Norte,2/10/2021,143,2834,20,935,123,1899,0,0,86,1666,56,583,86,2249,California
Del Norte,2/11/2021,175,3009,58,993,117,2016,0,0,63,1617,112,695,63,2312,California
Del Norte,2/12/2021,121,3130,14,1007,107,2123,0,0,67,1630,54,749,67,2379,California
Del Norte,2/13/2021,2,3132,1,1008,1,2124,0,0,2,1632,0,749,2,2381,California
Del Norte,2/14/2021,3,3135,1,1009,2,2126,0,0,2,1633,1,750,2,2383,California
Del Norte,2/15/2021,4,3139,0,1009,4,2130,0,0,2,1633,2,752,2,2385,California
Del Norte,2/16/2021,132,3271,1,1010,131,2261,0,0,13,1527,119,871,13,2398,California
Del Norte,2/17/2021,91,3362,20,1030,71,2332,0,0,24,1484,67,938,24,2422,California
Del Norte,2/18/2021,77,3439,24,1054,53,2385,0,0,51,1509,26,964,51,2473,California
Del Norte,2/19/2021,43,3482,17,1071,26,2411,0,0,33,1532,10,974,33,2506,California
Del Norte,2/20/2021,8,3490,5,1076,3,2414,0,0,6,1536,2,976,6,2512,California
Del Norte,2/22/2021,2,3492,0,1076,2,2416,0,0,2,1538,0,976,2,2514,California
Del Norte,2/23/2021,106,3598,88,1164,18,2434,0,0,31,1494,75,1051,31,2545,California
Del Norte,2/24/2021,152,3750,98,1262,54,2488,0,0,79,1500,73,1124,79,2624,California
Del Norte,2/25/2021,475,4225,131,1393,344,2832,0,0,212,1451,261,1385,212,2836,California
Del Norte,2/26/2021,212,4437,176,1569,36,2868,0,0,166,1571,46,1431,166,3002,California
Del Norte,2/27/2021,152,4589,145,1714,6,2874,1,1,141,1702,11,1442,142,3144,California
Del Norte,2/28/2021,4,4593,1,1715,3,2877,0,1,3,1704,1,1443,3,3147,California
Del Norte,3/1/2021,28,4621,2,1717,26,2903,0,1,4,1684,24,1467,4,3151,California
Del Norte,3/2/2021,220,4841,140,1857,80,2983,0,1,187,1838,33,1500,187,3338,California
Del Norte,3/3/2021,159,5000,91,1948,68,3051,0,1,118,1915,41,1541,118,3456,California
Del Norte,3/4/2021,120,5120,83,2031,37,3088,0,1,91,1978,28,1569,91,3547,California
Del Norte,3/5/2021,91,5211,9,2040,82,3170,0,1,43,1973,48,1617,43,3590,California
Del Norte,3/6/2021,466,5677,78,2118,338,3508,50,51,164,1842,302,1919,171,3761,California
Del Norte,3/7/2021,2,5679,1,2119,1,3509,0,51,1,1842,1,1920,1,3762,California
Del Norte,3/8/2021,28,5707,1,2120,25,3534,2,53,5,1826,23,1943,7,3769,California
Del Norte,3/9/2021,194,5901,112,2232,79,3613,3,56,183,2001,11,1954,186,3955,California
Del Norte,3/10/2021,218,6119,97,2329,93,3706,28,84,132,2075,86,2040,160,4115,California
Del Norte,3/11/2021,152,6271,55,2384,92,3798,5,89,104,2136,48,2088,109,4224,California
Del Norte,3/12/2021,177,6448,89,2473,88,3886,0,89,124,2207,53,2141,124,4348,California
Del Norte,3/13/2021,94,6542,93,2566,1,3887,0,89,91,2295,3,2144,91,4439,California
Del Norte,3/14/2021,1,6543,0,2566,1,3888,0,89,1,2295,1,2145,1,4440,California
Del Norte,3/15/2021,38,6581,0,2566,38,3926,0,89,34,2325,4,2149,34,4474,California
Del Norte,3/16/2021,280,6861,136,2702,144,4070,0,89,259,2563,21,2170,259,4733,California
Del Norte,3/17/2021,282,7143,95,2797,185,4255,2,91,168,2619,114,2284,170,4903,California
Del Norte,3/18/2021,284,7427,107,2904,174,4429,3,94,148,2635,135,2419,151,5054,California
Del Norte,3/19/2021,266,7693,159,3063,101,4530,6,100,91,2557,175,2594,97,5151,California
Del Norte,3/20/2021,158,7851,155,3218,3,4533,0,100,16,2431,142,2736,16,5167,California
Del Norte,3/21/2021,4,7855,2,3220,2,4535,0,100,2,2431,2,2738,2,5169,California
Del Norte,3/22/2021,42,7897,3,3223,38,4573,1,101,39,2468,3,2741,40,5209,California
Del Norte,3/23/2021,333,8230,163,3386,152,4725,18,119,164,2482,167,2908,181,5390,California
Del Norte,3/24/2021,395,8625,107,3493,247,4972,41,160,241,2610,154,3062,282,5672,California
Del Norte,3/25/2021,194,8819,90,3583,104,5076,0,160,86,2589,107,3169,86,5758,California
Del Norte,3/26/2021,227,9046,108,3691,119,5195,0,160,194,2750,33,3202,194,5952,California
Del Norte,3/27/2021,108,9154,87,3778,4,5199,17,177,17,2693,91,3293,34,5986,California
Del Norte,3/28/2021,4,9158,2,3780,2,5201,0,177,1,2691,3,3296,1,5987,California
Del Norte,3/29/2021,57,9215,6,3786,34,5235,17,194,32,2715,25,3321,49,6036,California
Del Norte,3/30/2021,336,9551,118,3904,207,5442,11,205,124,2638,212,3533,135,6171,California
Del Norte,3/31/2021,346,9897,100,4004,229,5671,17,222,190,2691,154,3687,207,6378,California
Del Norte,4/1/2021,166,10063,60,4064,72,5743,34,256,71,2702,94,3781,105,6483,California
Del Norte,4/2/2021,232,10295,79,4143,104,5847,49,305,76,2672,156,3937,126,6609,California
Del Norte,4/3/2021,103,10398,82,4225,2,5849,19,324,4,2597,98,4035,23,6632,California
Del Norte,4/4/2021,4,10402,0,4225,0,5849,4,328,0,2597,4,4039,4,6636,California
Del Norte,4/5/2021,53,10455,5,4230,44,5893,4,332,46,2640,7,4046,50,6686,California
Del Norte,4/6/2021,378,10833,119,4349,222,6115,37,369,145,2594,229,4275,183,6869,California
Del Norte,4/7/2021,425,11258,115,4464,251,6366,59,428,283,2795,141,4416,342,7211,California
Del Norte,4/8/2021,233,11491,54,4518,111,6477,68,496,111,2852,122,4538,179,7390,California
Del Norte,4/9/2021,201,11692,47,4565,80,6557,74,570,97,2918,103,4641,169,7559,California
Del Norte,4/10/2021,48,11740,27,4592,4,6561,17,587,27,2941,21,4662,44,7603,California
Del Norte,4/11/2021,12,11752,3,4595,2,6563,7,594,2,2940,10,4672,9,7612,California
Del Norte,4/12/2021,28,11780,1,4596,9,6572,18,612,1,2933,26,4698,19,7631,California
Del Norte,4/13/2021,296,12076,49,4645,247,6819,0,612,155,2947,141,4839,155,7786,California
Del Norte,4/14/2021,325,12401,23,4668,302,7121,0,612,136,2899,189,5028,141,7927,California
Del Norte,4/15/2021,162,12563,30,4698,132,7253,0,612,44,2826,118,5146,45,7972,California
Del Norte,4/16/2021,155,12718,34,4732,121,7374,0,612,57,2786,98,5244,58,8030,California
Del Norte,4/17/2021,99,12817,69,4801,30,7404,0,612,94,2875,5,5249,94,8124,California
Del Norte,4/18/2021,4,12821,3,4804,1,7405,0,612,3,2877,1,5250,3,8127,California
Del Norte,4/19/2021,50,12871,6,4810,44,7449,0,612,8,2843,42,5292,8,8135,California
Del Norte,4/20/2021,208,13079,40,4850,168,7617,0,612,74,2783,134,5426,74,8209,California
Del Norte,4/21/2021,290,13369,24,4874,266,7883,0,612,66,2629,223,5649,69,8278,California
Del Norte,4/22/2021,117,13486,18,4892,99,7982,0,612,63,2638,54,5703,63,8341,California
Del Norte,4/23/2021,111,13597,2,4894,109,8091,0,612,20,2567,91,5794,20,8361,California
El Dorado,12/15/2020,12,12,12,12,0,0,0,0,12,12,0,0,12,12,California
El Dorado,12/16/2020,40,52,40,52,0,0,0,0,40,52,0,0,40,52,California
El Dorado,12/17/2020,30,82,30,82,0,0,0,0,30,82,0,0,30,82,California
El Dorado,12/18/2020,236,318,236,318,0,0,0,0,236,318,0,0,236,318,California
El Dorado,12/19/2020,116,434,116,434,0,0,0,0,116,434,0,0,116,434,California
El Dorado,12/20/2020,85,519,85,519,0,0,0,0,85,519,0,0,85,519,California
El Dorado,12/21/2020,307,826,306,825,1,1,0,0,307,826,0,0,307,826,California
El Dorado,12/22/2020,238,1064,214,1039,24,25,0,0,238,1064,0,0,238,1064,California
El Dorado,12/23/2020,189,1253,139,1178,50,75,0,0,189,1253,0,0,189,1253,California
El Dorado,12/24/2020,87,1340,66,1244,21,96,0,0,87,1340,0,0,87,1340,California
El Dorado,12/25/2020,8,1348,8,1252,0,96,0,0,8,1348,0,0,8,1348,California
El Dorado,12/26/2020,44,1392,26,1278,18,114,0,0,44,1392,0,0,44,1392,California
El Dorado,12/27/2020,37,1429,33,1311,4,118,0,0,37,1429,0,0,37,1429,California
El Dorado,12/28/2020,216,1645,169,1480,47,165,0,0,216,1645,0,0,216,1645,California
El Dorado,12/29/2020,456,2101,140,1620,316,481,0,0,456,2101,0,0,456,2101,California
El Dorado,12/30/2020,504,2605,136,1756,368,849,0,0,504,2605,0,0,504,2605,California
El Dorado,12/31/2020,109,2714,69,1825,40,889,0,0,109,2714,0,0,109,2714,California
El Dorado,1/1/2021,7,2721,4,1829,3,892,0,0,7,2721,0,0,7,2721,California
El Dorado,1/2/2021,151,2872,140,1969,11,903,0,0,151,2872,0,0,151,2872,California
El Dorado,1/3/2021,92,2964,17,1986,75,978,0,0,92,2964,0,0,92,2964,California
El Dorado,1/4/2021,189,3153,62,2048,127,1105,0,0,189,3153,0,0,189,3153,California
El Dorado,1/5/2021,205,3358,50,2098,155,1260,0,0,189,3326,16,16,189,3342,California
El Dorado,1/6/2021,262,3620,189,2287,73,1333,0,0,198,3460,64,80,198,3540,California
El Dorado,1/7/2021,328,3948,135,2422,193,1526,0,0,258,3648,70,150,258,3798,California
El Dorado,1/8/2021,974,4922,500,2922,474,2000,0,0,771,4217,203,353,772,4570,California
El Dorado,1/9/2021,193,5115,157,3079,36,2036,0,0,125,4274,68,421,125,4695,California
El Dorado,1/10/2021,180,5295,129,3208,51,2087,0,0,111,4316,69,490,111,4806,California
El Dorado,1/11/2021,658,5953,292,3500,366,2453,0,0,460,4579,197,687,460,5266,California
El Dorado,1/12/2021,692,6645,421,3921,271,2724,0,0,444,4775,248,935,444,5710,California
El Dorado,1/13/2021,698,7343,295,4216,403,3127,0,0,538,5153,160,1095,538,6248,California
El Dorado,1/14/2021,688,8031,218,4434,470,3597,0,0,593,5651,95,1190,593,6841,California
El Dorado,1/15/2021,677,8708,184,4618,493,4090,0,0,605,6184,72,1262,605,7446,California
El Dorado,1/16/2021,171,8879,103,4721,68,4158,0,0,144,6301,27,1289,144,7590,California
El Dorado,1/17/2021,99,8978,47,4768,52,4210,0,0,82,6366,17,1306,82,7672,California
El Dorado,1/18/2021,417,9395,138,4906,279,4489,0,0,349,6647,68,1374,349,8021,California
El Dorado,1/19/2021,643,10038,352,5258,291,4780,0,0,494,6993,149,1523,495,8516,California
El Dorado,1/20/2021,1009,11047,686,5944,323,5103,0,0,897,7779,111,1634,897,9413,California
El Dorado,1/21/2021,1151,12198,570,6514,581,5684,0,0,945,8559,165,1799,945,10358,California
El Dorado,1/22/2021,1097,13295,705,7219,392,6076,0,0,1044,9551,52,1851,1044,11402,California
El Dorado,1/23/2021,736,14031,617,7836,119,6195,0,0,625,10065,111,1962,625,12027,California
El Dorado,1/24/2021,126,14157,76,7912,50,6245,0,0,107,10153,19,1981,107,12134,California
El Dorado,1/25/2021,610,14767,204,8116,406,6651,0,0,522,10587,88,2069,522,12656,California
El Dorado,1/26/2021,673,15440,363,8479,310,6961,0,0,569,11053,104,2173,570,13226,California
El Dorado,1/27/2021,926,16366,329,8808,597,7558,0,0,590,11306,337,2510,590,13816,California
El Dorado,1/28/2021,1101,17467,451,9259,650,8208,0,0,742,11689,359,2869,742,14558,California
El Dorado,1/29/2021,973,18440,488,9747,485,8693,0,0,744,12206,228,3097,745,15303,California
El Dorado,1/30/2021,611,19051,359,10106,252,8945,0,0,450,12495,161,3258,450,15753,California
El Dorado,1/31/2021,209,19260,188,10294,21,8966,0,0,180,12646,29,3287,180,15933,California
El Dorado,2/1/2021,799,20059,368,10662,431,9397,0,0,655,13158,143,3430,655,16588,California
El Dorado,2/2/2021,838,20897,367,11029,471,9868,0,0,677,13674,161,3591,677,17265,California
El Dorado,2/3/2021,898,21795,475,11504,423,10291,0,0,686,14148,212,3803,686,17951,California
El Dorado,2/4/2021,1264,23059,721,12225,543,10834,0,0,871,14626,393,4196,871,18822,California
El Dorado,2/5/2021,1478,24537,595,12820,883,11717,0,0,864,14911,579,4775,864,19686,California
El Dorado,2/6/2021,638,25175,333,13153,305,12022,0,0,530,15334,108,4883,531,20217,California
El Dorado,2/7/2021,256,25431,176,13329,80,12102,0,0,192,15462,64,4947,192,20409,California
El Dorado,2/8/2021,877,26308,416,13745,461,12563,0,0,604,15793,273,5220,604,21013,California
El Dorado,2/9/2021,901,27209,487,14232,414,12977,0,0,479,15850,422,5642,479,21492,California
El Dorado,2/10/2021,1245,28454,730,14962,515,13492,0,0,654,15914,590,6232,654,22146,California
El Dorado,2/11/2021,2136,30590,881,15843,1255,14747,0,0,955,15690,1180,7412,956,23102,California
El Dorado,2/12/2021,1564,32154,822,16665,742,15489,0,0,678,15483,886,8298,679,23781,California
El Dorado,2/13/2021,976,33130,668,17333,308,15797,0,0,432,15374,541,8839,432,24213,California
El Dorado,2/14/2021,481,33611,153,17486,328,16125,0,0,398,15689,83,8922,398,24611,California
El Dorado,2/15/2021,1179,34790,387,17873,792,16917,0,0,826,16165,353,9275,829,25440,California
El Dorado,2/16/2021,1188,35978,529,18402,659,17576,0,0,675,16329,512,9787,676,26116,California
El Dorado,2/17/2021,898,36876,373,18775,525,18101,0,0,419,16271,479,10266,421,26537,California
El Dorado,2/18/2021,2077,38953,1005,19780,1072,19173,0,0,1349,16893,727,10993,1349,27886,California
El Dorado,2/19/2021,1164,40117,602,20382,562,19735,0,0,646,17022,518,11511,647,28533,California
El Dorado,2/20/2021,915,41032,435,20817,480,20215,0,0,667,17447,242,11753,667,29200,California
El Dorado,2/21/2021,282,41314,225,21042,57,20272,0,0,99,17364,182,11935,99,29299,California
El Dorado,2/22/2021,869,42183,434,21476,435,20707,0,0,285,17066,583,12518,285,29584,California
El Dorado,2/23/2021,835,43018,471,21947,364,21071,0,0,346,16924,488,13006,346,29930,California
El Dorado,2/24/2021,1004,44022,439,22386,565,21636,0,0,411,16743,593,13599,412,30342,California
El Dorado,2/25/2021,1620,45642,883,23269,737,22373,0,0,715,16561,899,14498,717,31059,California
El Dorado,2/26/2021,2347,47989,1481,24750,866,23239,0,0,1583,17382,762,15260,1583,32642,California
El Dorado,2/27/2021,1654,49643,439,25189,1215,24454,0,0,1215,18161,436,15696,1215,33857,California
El Dorado,2/28/2021,570,50213,204,25393,366,24820,0,0,419,18430,151,15847,420,34277,California
El Dorado,3/1/2021,1114,51327,451,25844,663,25483,0,0,606,18529,507,16354,606,34883,California
El Dorado,3/2/2021,895,52222,266,26110,629,26112,0,0,457,18550,436,16790,457,35340,California
El Dorado,3/3/2021,1666,53888,460,26570,1206,27318,0,0,1139,19170,521,17311,1141,36481,California
El Dorado,3/4/2021,2480,56368,1530,28100,950,28268,0,0,1209,19111,1268,18579,1209,37690,California
El Dorado,3/5/2021,1559,57927,422,28522,1132,29400,5,5,1029,19620,525,19104,1034,38724,California
El Dorado,3/6/2021,730,58657,208,28730,488,29888,34,39,384,19692,346,19450,418,39142,California
El Dorado,3/7/2021,400,59057,197,28927,185,30073,18,57,237,19786,161,19611,255,39397,California
El Dorado,3/8/2021,1318,60375,364,29291,884,30957,70,127,851,20243,464,20075,921,40318,California
El Dorado,3/9/2021,960,61335,227,29518,666,31623,67,194,567,20499,378,20453,634,40952,California
El Dorado,3/10/2021,932,62267,342,29860,535,32158,55,249,536,20700,390,20843,591,41543,California
El Dorado,3/11/2021,2984,65251,1823,31683,979,33137,182,431,1362,20636,1607,22450,1543,43086,California
El Dorado,3/12/2021,1764,67015,619,32302,899,34036,246,677,732,20596,1018,23468,978,44064,California
El Dorado,3/13/2021,1057,68072,343,32645,431,34467,283,960,371,20565,683,24151,652,44716,California
El Dorado,3/14/2021,792,68864,207,32852,473,34940,112,1072,279,20443,513,24664,391,45107,California
El Dorado,3/15/2021,1396,70260,300,33152,970,35910,126,1198,607,20392,785,25449,734,45841,California
El Dorado,3/16/2021,1207,71467,404,33556,659,36569,144,1342,566,20467,635,26084,710,46551,California
El Dorado,3/17/2021,1079,72546,351,33907,634,37203,94,1436,696,20874,383,26467,790,47341,California
El Dorado,3/18/2021,2966,75512,1746,35653,1176,38379,44,1480,1979,21917,980,27447,2023,49364,California
El Dorado,3/19/2021,1099,76611,358,36011,597,38976,144,1624,625,22213,474,27921,770,50134,California
El Dorado,3/20/2021,937,77548,267,36278,653,39629,17,1641,359,22022,567,28488,376,50510,California
El Dorado,3/21/2021,1024,78572,418,36696,601,40230,5,1646,935,22874,88,28576,940,51450,California
El Dorado,3/22/2021,1498,80070,487,37183,929,41159,82,1728,1190,23843,303,28879,1272,52722,California
El Dorado,3/23/2021,1143,81213,449,37632,602,41761,92,1820,740,24281,394,29273,832,53554,California
El Dorado,3/24/2021,1453,82666,620,38252,637,42398,196,2016,691,24421,747,30020,887,54441,California
El Dorado,3/25/2021,2467,85133,1666,39918,698,43096,103,2119,1366,24794,1096,31116,1469,55910,California
El Dorado,3/26/2021,1805,86938,698,40616,998,44094,109,2228,958,25031,831,31947,1068,56978,California
El Dorado,3/27/2021,1294,88232,187,40803,1103,45197,4,2232,319,24385,969,32916,323,57301,California
El Dorado,3/28/2021,613,88845,181,40984,423,45620,9,2241,196,24176,414,33330,205,57506,California
El Dorado,3/29/2021,1299,90144,431,41415,853,46473,15,2256,817,24529,479,33809,832,58338,California
El Dorado,3/30/2021,1326,91470,408,41823,827,47300,91,2347,681,24660,640,34449,771,59109,California
El Dorado,3/31/2021,1532,93002,579,42402,891,48191,62,2409,699,24589,831,35280,760,59869,California
El Dorado,4/1/2021,3193,96195,1747,44149,1363,49554,83,2492,1516,24515,1675,36955,1601,61470,California
El Dorado,4/2/2021,1860,98055,554,44703,1212,50766,94,2586,745,24243,1111,38066,839,62309,California
El Dorado,4/3/2021,734,98789,284,44987,330,51096,120,2706,216,24063,515,38581,335,62644,California
El Dorado,4/4/2021,266,99055,84,45071,135,51231,47,2753,95,24035,170,38751,142,62786,California
El Dorado,4/5/2021,1415,100470,422,45493,900,52131,93,2846,592,23901,819,39570,685,63471,California
El Dorado,4/6/2021,1404,101874,516,46009,668,52799,220,3066,447,23613,955,40525,667,64138,California
El Dorado,4/7/2021,1559,103433,551,46560,564,53363,444,3510,553,23605,1003,41528,995,65133,California
El Dorado,4/8/2021,2666,106099,1722,48282,708,54071,236,3746,1115,23411,1544,43072,1350,66483,California
El Dorado,4/9/2021,1402,107501,440,48722,744,54815,218,3964,556,23340,843,43915,772,67255,California
El Dorado,4/10/2021,814,108315,219,48941,486,55301,109,4073,473,23583,339,44254,582,67837,California
El Dorado,4/11/2021,693,109008,451,49392,226,55527,16,4089,204,23314,489,44743,220,68057,California
El Dorado,4/12/2021,1280,110288,499,49891,635,56162,146,4235,564,23315,709,45452,710,68767,California
El Dorado,4/13/2021,1116,111404,608,50499,508,56670,0,4235,519,23241,593,46045,519,69286,California
El Dorado,4/14/2021,1060,112464,434,50933,625,57295,1,4236,361,22916,687,46732,362,69648,California
El Dorado,4/15/2021,2478,114942,1670,52603,808,58103,0,4236,964,22370,1511,48243,965,70613,California
El Dorado,4/16/2021,1442,116384,511,53114,931,59034,0,4236,607,22148,830,49073,608,71221,California
El Dorado,4/17/2021,738,117122,191,53305,547,59581,0,4236,472,22355,265,49338,472,71693,California
El Dorado,4/18/2021,957,118079,74,53379,883,60464,0,4236,393,22185,563,49901,393,72086,California
El Dorado,4/19/2021,1690,119769,433,53812,1257,61721,0,4236,685,21871,999,50900,685,72771,California
El Dorado,4/20/2021,1097,120866,346,54158,751,62472,0,4236,454,21686,639,51539,454,73225,California
El Dorado,4/21/2021,1113,121979,450,54608,660,63132,3,4239,563,21706,544,52083,564,73789,California
El Dorado,4/22/2021,2285,124264,1542,56150,743,63875,0,4239,892,21206,1392,53475,892,74681,California
El Dorado,4/23/2021,477,124741,125,56275,352,64227,0,4239,245,21222,229,53704,245,74926,California
Fresno,12/15/2020,2,2,2,2,0,0,0,0,2,2,0,0,2,2,California
Fresno,12/16/2020,121,123,121,123,0,0,0,0,121,123,0,0,121,123,California
Fresno,12/17/2020,120,243,120,243,0,0,0,0,120,243,0,0,120,243,California
Fresno,12/18/2020,344,587,344,587,0,0,0,0,344,587,0,0,344,587,California
Fresno,12/19/2020,157,744,157,744,0,0,0,0,157,744,0,0,157,744,California
Fresno,12/20/2020,257,1001,255,999,2,2,0,0,257,1001,0,0,257,1001,California
Fresno,12/21/2020,925,1926,924,1923,1,3,0,0,957,1958,0,0,957,1958,California
Fresno,12/22/2020,901,2827,872,2795,29,32,0,0,905,2863,0,0,905,2863,California
Fresno,12/23/2020,1084,3911,1047,3842,37,69,0,0,1085,3948,0,0,1085,3948,California
Fresno,12/24/2020,581,4492,562,4404,19,88,0,0,581,4529,0,0,581,4529,California
Fresno,12/25/2020,2,4494,1,4405,1,89,0,0,2,4531,0,0,2,4531,California
Fresno,12/26/2020,722,5216,713,5118,9,98,0,0,722,5253,0,0,722,5253,California
Fresno,12/27/2020,300,5516,204,5322,96,194,0,0,300,5553,0,0,300,5553,California
Fresno,12/28/2020,1061,6577,774,6096,287,481,0,0,1061,6614,0,0,1061,6614,California
Fresno,12/29/2020,1769,8346,1040,7136,729,1210,0,0,1767,8380,1,1,1767,8381,California
Fresno,12/30/2020,980,9326,477,7613,503,1713,0,0,980,9360,0,1,980,9361,California
Fresno,12/31/2020,894,10220,310,7923,584,2297,0,0,893,10253,0,1,893,10254,California
Fresno,1/1/2021,9,10229,3,7926,6,2303,0,0,9,10262,0,1,9,10263,California
Fresno,1/2/2021,1031,11260,717,8643,314,2617,0,0,1031,11293,0,1,1031,11294,California
Fresno,1/3/2021,153,11413,128,8771,25,2642,0,0,153,11446,0,1,153,11447,California
Fresno,1/4/2021,612,12025,374,9145,238,2880,0,0,612,12058,0,1,612,12059,California
Fresno,1/5/2021,776,12801,311,9456,465,3345,0,0,702,12686,74,75,702,12761,California
Fresno,1/6/2021,974,13775,346,9802,628,3973,0,0,802,13316,172,247,802,13563,California
Fresno,1/7/2021,1887,15662,916,10718,971,4944,0,0,1633,14698,254,501,1636,15199,California
Fresno,1/8/2021,1779,17441,614,11332,1165,6109,0,0,1415,15751,362,863,1415,16614,California
Fresno,1/9/2021,628,18069,386,11718,242,6351,0,0,354,15831,274,1137,354,16968,California
Fresno,1/10/2021,515,18584,485,12203,30,6381,0,0,202,15720,313,1450,202,17170,California
Fresno,1/11/2021,2157,20741,1751,13954,406,6787,0,0,1464,16494,693,2143,1467,18637,California
Fresno,1/12/2021,2522,23263,1826,15780,696,7483,0,0,1675,17322,849,2992,1677,20314,California
Fresno,1/13/2021,3534,26797,2421,18201,1113,8596,0,0,2678,19146,856,3848,2680,22994,California
Fresno,1/14/2021,4147,30944,2198,20399,1949,10545,0,0,3677,22354,469,4317,3677,26671,California
Fresno,1/15/2021,3640,34584,2531,22930,1109,11654,0,0,3282,25282,358,4675,3286,29957,California
Fresno,1/16/2021,3150,37734,2308,25238,842,12496,0,0,2686,27506,463,5138,2687,32644,California
Fresno,1/17/2021,977,38711,555,25793,422,12918,0,0,779,28087,198,5336,779,33423,California
Fresno,1/18/2021,3072,41783,2367,28160,705,13623,0,0,2408,29835,662,5998,2410,35833,California
Fresno,1/19/2021,4323,46106,2540,30700,1783,15406,0,0,3676,32867,647,6645,3679,39512,California
Fresno,1/20/2021,2994,49100,1186,31886,1808,17214,0,0,2694,35263,301,6946,2697,42209,California
Fresno,1/21/2021,4346,53446,1999,33885,2347,19561,0,0,3999,38938,329,7275,4004,46213,California
Fresno,1/22/2021,3308,56754,1346,35231,1962,21523,0,0,2920,41488,371,7646,2921,49134,California
Fresno,1/23/2021,3042,59796,1969,37200,1073,22596,0,0,2319,43092,722,8368,2326,51460,California
Fresno,1/24/2021,552,60348,372,37572,180,22776,0,0,347,43237,205,8573,350,51810,California
Fresno,1/25/2021,2338,62686,864,38436,1474,24250,0,0,1852,44607,486,9059,1856,53666,California
Fresno,1/26/2021,2019,64705,584,39020,1435,25685,0,0,1316,45223,701,9760,1317,54983,California
Fresno,1/27/2021,2254,66959,1164,40184,1090,26775,0,0,1734,46441,519,10279,1737,56720,California
Fresno,1/28/2021,4470,71429,3037,43221,1433,28208,0,0,3455,48888,1011,11290,3458,60178,California
Fresno,1/29/2021,1700,73129,984,44205,716,28924,0,0,1403,49998,294,11584,1404,61582,California
Fresno,1/30/2021,1443,74572,550,44755,893,29817,0,0,1028,50611,415,11999,1028,62610,California
Fresno,1/31/2021,225,74797,216,44971,9,29826,0,0,71,50528,154,12153,71,62681,California
Fresno,2/1/2021,3327,78124,1662,46633,1665,31491,0,0,1815,50850,1511,13664,1833,64514,California
Fresno,2/2/2021,2715,80839,551,47184,2164,33655,0,0,1585,51335,1116,14780,1601,66115,California
Fresno,2/3/2021,3532,84371,2095,49279,1437,35092,0,0,1518,50854,2000,16780,1519,67634,California
Fresno,2/4/2021,4192,88563,1894,51173,2298,37390,0,0,1929,50555,2233,19013,1934,69568,California
Fresno,2/5/2021,5323,93886,2723,53896,2600,39990,0,0,2305,49849,3013,22026,2307,71875,California
Fresno,2/6/2021,2933,96819,2046,55942,887,40877,0,0,975,48871,1955,23981,977,72852,California
Fresno,2/7/2021,465,97284,286,56228,179,41056,0,0,271,48949,193,24174,271,73123,California
Fresno,2/8/2021,4273,101557,2293,58521,1980,43036,0,0,1810,48329,2439,26613,1819,74942,California
Fresno,2/9/2021,5327,106884,2081,60602,3246,46282,0,0,3118,49321,2134,28747,3126,78068,California
Fresno,2/10/2021,3875,110759,1234,61836,2641,48923,0,0,1985,49482,1835,30582,1996,80064,California
Fresno,2/11/2021,6440,117199,2088,63924,4352,53275,0,0,3380,49821,3046,33628,3385,83449,California
Fresno,2/12/2021,5371,122570,1382,65306,3989,57264,0,0,2743,49961,2609,36237,2749,86198,California
Fresno,2/13/2021,3729,126299,1546,66852,2183,59447,0,0,2079,50406,1639,37876,2084,88282,California
Fresno,2/14/2021,1561,127860,281,67133,1280,60727,0,0,848,50544,712,38588,850,89132,California
Fresno,2/15/2021,2887,130747,271,67404,2616,63343,0,0,1783,51231,1100,39688,1787,90919,California
Fresno,2/16/2021,6677,137424,2400,69804,4277,67620,0,0,4244,53065,2416,42104,4250,95169,California
Fresno,2/17/2021,5330,142754,2454,72258,2876,70496,0,0,2981,53745,2305,44409,2985,98154,California
Fresno,2/18/2021,6854,149608,2902,75160,3952,74448,0,0,2579,52109,4226,48635,2590,100744,California
Fresno,2/19/2021,3833,153441,1099,76259,2734,77182,0,0,1828,51945,1995,50630,1831,102575,California
Fresno,2/20/2021,4534,157975,2500,78759,2034,79216,0,0,3055,53533,1473,52103,3061,105636,California
Fresno,2/21/2021,186,158161,169,78928,17,79233,0,0,127,53614,46,52149,127,105763,California
Fresno,2/22/2021,2227,160388,1000,79928,1227,80460,0,0,1224,53847,995,53144,1228,106991,California
Fresno,2/23/2021,3877,164265,1470,81398,2407,82867,0,0,3018,56018,849,53993,3020,110011,California
Fresno,2/24/2021,4171,168436,1492,82890,2679,85546,0,0,3427,58715,733,54726,3430,113441,California
Fresno,2/25/2021,7468,175904,2511,85401,4957,90503,0,0,6013,63344,1391,56117,6020,119461,California
Fresno,2/26/2021,8311,184215,3029,88430,5282,95785,0,0,7031,69121,1259,57376,7036,126497,California
Fresno,2/27/2021,6285,190500,2196,90626,4089,99874,0,0,5602,74054,675,58051,5608,132105,California
Fresno,2/28/2021,1632,192132,530,91156,1102,100976,0,0,1548,75529,73,58124,1548,133653,California
Fresno,3/1/2021,4901,197033,1289,92445,3612,104588,0,0,3598,77842,1293,59417,3606,137259,California
Fresno,3/2/2021,8485,205518,2301,94746,6184,110772,0,0,7127,83657,1335,60752,7150,144409,California
Fresno,3/3/2021,6678,212196,1610,96356,5067,115839,1,1,5666,88439,999,61751,5781,150190,California
Fresno,3/4/2021,8469,220665,2527,98883,5942,121781,0,1,6955,93914,1488,63239,6963,157153,California
Fresno,3/5/2021,7931,228596,2698,101581,5232,127013,1,2,6918,100026,882,64121,6994,164147,California
Fresno,3/6/2021,6460,235056,3537,105118,2806,129819,117,119,5516,104725,938,65059,5637,169784,California
Fresno,3/7/2021,1473,236529,675,105793,764,130583,34,153,1246,105781,225,65284,1281,171065,California
Fresno,3/8/2021,5038,241567,1996,107789,2890,133473,152,305,3867,108647,1164,66448,4030,175095,California
Fresno,3/9/2021,7043,248610,2368,110157,4406,137879,269,574,3945,109816,3080,69528,4249,179344,California
Fresno,3/10/2021,6609,255219,2742,112899,3475,141354,392,966,5215,114048,1384,70912,5616,184960,California
Fresno,3/11/2021,11334,266553,4536,117435,6232,147586,566,1532,6190,115777,5103,76015,6832,191792,California
Fresno,3/12/2021,11491,278044,4917,122352,6124,153710,450,1982,8507,121907,2967,78982,9097,200889,California
Fresno,3/13/2021,8155,286199,3897,126249,3236,156946,1022,3004,3916,122698,4220,83202,5011,205900,California
Fresno,3/14/2021,1746,287945,466,126715,1000,157946,280,3284,659,122557,1078,84280,937,206837,California
Fresno,3/15/2021,6872,294817,2953,129668,3749,161695,170,3454,4714,125480,2144,86424,5067,211904,California
Fresno,3/16/2021,10044,304861,4402,134070,5248,166943,394,3848,6043,128040,3973,90397,6533,218437,California
Fresno,3/17/2021,8421,313282,3867,137937,3859,170802,695,4543,5649,132010,2754,93151,6724,225161,California
Fresno,3/18/2021,12231,325513,6555,144492,5047,175849,629,5172,8023,136918,4166,97317,9074,234235,California
Fresno,3/19/2021,10737,336250,5621,150113,4502,180351,614,5786,7274,141664,3436,100753,8182,242417,California
Fresno,3/20/2021,7363,343613,4409,154522,2642,182993,312,6098,4511,143926,2830,103583,5092,247509,California
Fresno,3/21/2021,1770,345383,1199,155721,200,183193,371,6469,960,144452,806,104389,1332,248841,California
Fresno,3/22/2021,5632,351015,2887,158608,2150,185343,595,7064,3841,147311,1776,106165,4635,253476,California
Fresno,3/23/2021,10532,361547,5236,163844,4804,190147,492,7556,6075,149865,4440,110605,6994,260470,California
Fresno,3/24/2021,8592,370139,3630,167474,4133,194280,829,8385,4733,151653,3827,114432,5615,266085,California
Fresno,3/25/2021,12039,382178,5572,173046,5685,199965,782,9167,6186,152888,5815,120247,7050,273135,California
Fresno,3/26/2021,11984,394162,5321,178367,6021,205986,642,9809,5278,152166,6661,126908,5939,279074,California
Fresno,3/27/2021,9358,403520,4123,182490,4151,210137,1084,10893,2936,149798,6391,133299,4023,283097,California
Fresno,3/28/2021,3277,406797,1197,183687,1393,211530,687,11580,1257,149988,2013,135312,2203,285300,California
Fresno,3/29/2021,5987,412784,1976,185663,3470,215000,541,12121,2906,150391,3057,138369,3460,288760,California
Fresno,3/30/2021,10719,423503,4199,189862,5639,220639,881,13002,4437,149450,6260,144629,5319,294079,California
Fresno,3/31/2021,9204,432707,3307,193169,4924,225563,973,13975,3836,148929,5331,149960,4810,298889,California
Fresno,4/1/2021,11267,443974,4048,197217,6371,231934,848,14823,3912,146366,7282,157242,4719,303608,California
Fresno,4/2/2021,11452,455426,4390,201607,6278,238212,784,15607,4196,144245,7107,164349,4986,308594,California
Fresno,4/3/2021,6129,461555,3372,204979,2509,240721,248,15855,2208,142832,3907,168256,2494,311088,California
Fresno,4/4/2021,1488,463043,534,205513,911,241632,43,15898,564,142523,916,169172,607,311695,California
Fresno,4/5/2021,8209,471252,4436,209949,2983,244615,790,16688,2517,140215,5684,174856,3376,315071,California
Fresno,4/6/2021,9451,480703,3935,213884,4341,248956,1175,17863,3582,139149,5837,180693,4771,319842,California
Fresno,4/7/2021,10277,490980,5284,219168,3813,252769,1180,19043,3539,137192,6705,187398,4748,324590,California
Fresno,4/8/2021,10768,501748,5109,224277,4528,257297,1131,20174,3501,134639,7230,194628,4677,329267,California
Fresno,4/9/2021,10608,512356,5068,229345,4191,261488,1349,21523,3579,132597,6993,201621,4951,334218,California
Fresno,4/10/2021,7799,520155,5104,234449,2175,263663,520,22043,3714,132752,4080,205701,4235,338453,California
Fresno,4/11/2021,1387,521542,928,235377,369,264032,90,22133,450,132359,932,206633,539,338992,California
Fresno,4/12/2021,7083,528625,3752,239129,2428,266460,903,23036,2309,130817,4755,211388,3213,342205,California
Fresno,4/13/2021,8871,537496,4211,243340,4590,271050,70,23106,3500,129137,5342,216730,3662,345867,California
Fresno,4/14/2021,8754,546250,5126,248466,3628,274678,0,23106,3615,127689,5108,221838,3660,349527,California
Fresno,4/15/2021,7744,553994,3603,252069,4139,278817,2,23108,3000,125976,4718,226556,3005,352532,California
Fresno,4/16/2021,8866,562860,4193,256262,4671,283488,2,23110,3803,124761,5025,231581,3810,356342,California
Fresno,4/17/2021,5557,568417,3726,259988,1831,285319,0,23110,2710,124640,2832,234413,2711,359053,California
Fresno,4/18/2021,1016,569433,547,260535,469,285788,0,23110,472,124570,542,234955,472,359525,California
Fresno,4/19/2021,5370,574803,2899,263434,2467,288255,4,23114,2166,123570,3173,238128,2173,361698,California
Fresno,4/20/2021,6766,581569,3287,266721,3471,291726,8,23122,2522,121880,4221,242349,2531,364229,California
Fresno,4/21/2021,6105,587674,3378,270099,2719,294445,8,23130,2543,120894,3541,245890,2555,366784,California
Fresno,4/22/2021,5934,593608,2955,273054,2978,297423,1,23131,2095,119193,3799,249689,2098,368882,California
Fresno,4/23/2021,3360,596968,2138,275192,1200,298623,22,23153,1560,118987,1777,251466,1571,370453,California
Glenn,12/17/2020,1,1,1,1,0,0,0,0,1,1,0,0,1,1,California
Glenn,12/19/2020,1,2,1,2,0,0,0,0,1,2,0,0,1,2,California
Glenn,12/20/2020,1,3,1,3,0,0,0,0,1,3,0,0,1,3,California
Glenn,12/21/2020,11,14,11,14,0,0,0,0,11,14,0,0,11,14,California
Glenn,12/22/2020,59,73,59,73,0,0,0,0,59,73,0,0,59,73,California
Glenn,12/23/2020,27,100,27,100,0,0,0,0,27,100,0,0,27,100,California
Glenn,12/24/2020,9,109,9,109,0,0,0,0,9,109,0,0,9,109,California
Glenn,12/26/2020,2,111,2,111,0,0,0,0,2,111,0,0,2,111,California
Glenn,12/27/2020,4,115,4,115,0,0,0,0,4,115,0,0,4,115,California
Glenn,12/28/2020,21,136,21,136,0,0,0,0,21,136,0,0,21,136,California
Glenn,12/29/2020,82,218,82,218,0,0,0,0,82,218,0,0,82,218,California
Glenn,12/30/2020,128,346,106,324,22,22,0,0,128,346,0,0,128,346,California
Glenn,12/31/2020,38,384,9,333,29,51,0,0,38,384,0,0,38,384,California
Glenn,1/2/2021,2,386,2,335,0,51,0,0,2,386,0,0,2,386,California
Glenn,1/4/2021,7,393,5,340,2,53,0,0,7,393,0,0,7,393,California
Glenn,1/5/2021,9,402,8,348,1,54,0,0,9,402,0,0,9,402,California
Glenn,1/6/2021,60,462,8,356,52,106,0,0,60,462,0,0,60,462,California
Glenn,1/7/2021,67,529,12,368,55,161,0,0,65,525,2,2,65,527,California
Glenn,1/8/2021,11,540,9,377,2,163,0,0,11,536,0,2,11,538,California
Glenn,1/10/2021,1,541,1,378,0,163,0,0,0,535,1,3,0,538,California
Glenn,1/11/2021,30,571,30,408,0,163,0,0,12,529,18,21,12,550,California
Glenn,1/12/2021,42,613,37,445,5,168,0,0,14,515,28,49,14,564,California
Glenn,1/13/2021,153,766,88,533,65,233,0,0,109,580,44,93,109,673,California
Glenn,1/14/2021,185,951,96,629,89,322,0,0,175,745,10,103,175,848,California
Glenn,1/15/2021,42,993,34,663,8,330,0,0,37,777,5,108,37,885,California
Glenn,1/16/2021,34,1027,14,677,20,350,0,0,24,791,10,118,24,909,California
Glenn,1/17/2021,4,1031,2,679,2,352,0,0,2,791,2,120,2,911,California
Glenn,1/18/2021,17,1048,16,695,1,353,0,0,9,792,8,128,9,920,California
Glenn,1/19/2021,31,1079,20,715,11,364,0,0,14,789,17,145,14,934,California
Glenn,1/20/2021,163,1242,94,809,69,433,0,0,82,790,81,226,82,1016,California
Glenn,1/21/2021,124,1366,98,907,26,459,0,0,30,726,94,320,30,1046,California
Glenn,1/22/2021,337,1703,63,970,274,733,0,0,330,1049,7,327,330,1376,California
Glenn,1/23/2021,14,1717,7,977,7,740,0,0,12,1059,2,329,12,1388,California
Glenn,1/24/2021,2,1719,2,979,0,740,0,0,2,1061,0,329,2,1390,California
Glenn,1/25/2021,27,1746,9,988,18,758,0,0,24,1082,3,332,24,1414,California
Glenn,1/26/2021,29,1775,13,1001,16,774,0,0,23,1099,6,338,23,1437,California
Glenn,1/27/2021,187,1962,13,1014,174,948,0,0,166,1244,21,359,166,1603,California
Glenn,1/28/2021,146,2108,8,1022,138,1086,0,0,116,1330,30,389,116,1719,California
Glenn,1/29/2021,296,2404,12,1034,284,1370,0,0,282,1598,14,403,282,2001,California
Glenn,1/30/2021,5,2409,0,1034,5,1375,0,0,5,1603,0,403,5,2006,California
Glenn,1/31/2021,1,2410,0,1034,1,1376,0,0,1,1604,0,403,1,2007,California
Glenn,2/1/2021,28,2438,10,1044,18,1394,0,0,16,1608,12,415,16,2023,California
Glenn,2/2/2021,28,2466,13,1057,15,1409,0,0,19,1618,9,424,19,2042,California
Glenn,2/3/2021,207,2673,58,1115,149,1558,0,0,112,1635,95,519,112,2154,California
Glenn,2/4/2021,150,2823,84,1199,66,1624,0,0,45,1575,105,624,45,2199,California
Glenn,2/5/2021,319,3142,24,1223,295,1919,0,0,300,1856,19,643,300,2499,California
Glenn,2/6/2021,14,3156,2,1225,12,1931,0,0,13,1868,1,644,13,2512,California
Glenn,2/7/2021,2,3158,2,1227,0,1931,0,0,2,1870,0,644,2,2514,California
Glenn,2/8/2021,21,3179,17,1244,4,1935,0,0,4,1857,17,661,4,2518,California
Glenn,2/9/2021,49,3228,20,1264,29,1964,0,0,36,1880,13,674,36,2554,California
Glenn,2/10/2021,138,3366,19,1283,119,2083,0,0,64,1870,74,748,64,2618,California
Glenn,2/11/2021,232,3598,132,1415,100,2183,0,0,149,1936,83,831,149,2767,California
Glenn,2/12/2021,420,4018,99,1514,321,2504,0,0,356,2228,64,895,356,3123,California
Glenn,2/13/2021,34,4052,7,1521,27,2531,0,0,16,2226,18,913,16,3139,California
Glenn,2/14/2021,1,4053,0,1521,1,2532,0,0,1,2227,0,913,1,3140,California
Glenn,2/15/2021,8,4061,0,1521,8,2540,0,0,8,2235,0,913,8,3148,California
Glenn,2/16/2021,39,4100,9,1530,30,2570,0,0,21,2238,18,931,21,3169,California
Glenn,2/17/2021,380,4480,15,1545,365,2935,0,0,302,2462,78,1009,302,3471,California
Glenn,2/18/2021,135,4615,100,1645,35,2970,0,0,111,2549,24,1033,111,3582,California
Glenn,2/19/2021,303,4918,17,1662,286,3256,0,0,29,2304,274,1307,29,3611,California
Glenn,2/20/2021,8,4926,0,1662,8,3264,0,0,0,2296,8,1315,0,3611,California
Glenn,2/22/2021,33,4959,14,1676,19,3283,0,0,17,2297,16,1331,17,3628,California
Glenn,2/23/2021,40,4999,10,1686,30,3313,0,0,28,2313,12,1343,28,3656,California
Glenn,2/24/2021,221,5220,15,1701,206,3519,0,0,47,2186,174,1517,47,3703,California
Glenn,2/25/2021,262,5482,148,1849,114,3633,0,0,118,2160,144,1661,118,3821,California
Glenn,2/26/2021,304,5786,24,1873,280,3913,0,0,20,1897,283,1944,20,3841,California
Glenn,2/27/2021,15,5801,5,1878,10,3923,0,0,5,1893,9,1953,5,3846,California
Glenn,2/28/2021,6,5807,3,1881,3,3926,0,0,3,1894,2,1955,3,3849,California
Glenn,3/1/2021,28,5835,6,1887,22,3948,0,0,12,1890,16,1971,12,3861,California
Glenn,3/2/2021,35,5870,7,1894,28,3976,0,0,17,1889,18,1989,17,3878,California
Glenn,3/3/2021,193,6063,37,1931,156,4132,0,0,101,1899,91,2080,101,3979,California
Glenn,3/4/2021,520,6583,175,2106,345,4477,0,0,376,2131,144,2224,376,4355,California
Glenn,3/5/2021,355,6938,47,2153,308,4785,0,0,34,1844,321,2545,34,4389,California
Glenn,3/6/2021,26,6964,3,2156,22,4807,1,1,9,1837,17,2562,10,4399,California
Glenn,3/7/2021,5,6969,0,2156,5,4812,0,1,3,1839,1,2563,3,4402,California
Glenn,3/8/2021,20,6989,2,2158,17,4829,1,2,18,1856,2,2565,19,4421,California
Glenn,3/9/2021,82,7071,11,2169,68,4897,3,5,54,1884,28,2593,56,4477,California
Glenn,3/10/2021,171,7242,68,2237,101,4998,2,7,95,1905,76,2669,97,4574,California
Glenn,3/11/2021,584,7826,170,2407,391,5389,23,30,454,2252,130,2799,477,5051,California
Glenn,3/12/2021,417,8243,14,2421,342,5731,61,91,41,1978,376,3175,102,5153,California
Glenn,3/13/2021,12,8255,1,2422,3,5734,8,99,1,1976,11,3186,9,5162,California
Glenn,3/14/2021,3,8258,1,2423,2,5736,0,99,2,1977,1,3187,2,5164,California
Glenn,3/15/2021,75,8333,15,2438,55,5791,5,104,60,2027,15,3202,65,5229,California
Glenn,3/16/2021,106,8439,33,2471,62,5853,11,115,65,2062,41,3243,76,5305,California
Glenn,3/17/2021,417,8856,97,2568,313,6166,7,122,116,1882,301,3544,121,5426,California
Glenn,3/18/2021,520,9376,214,2782,50,6216,256,378,145,1907,375,3919,400,5826,California
Glenn,3/19/2021,91,9467,16,2798,69,6285,6,384,70,1963,20,3939,76,5902,California
Glenn,3/20/2021,121,9588,1,2799,119,6404,1,385,119,2081,2,3941,120,6022,California
Glenn,3/21/2021,6,9594,5,2804,0,6404,1,386,3,2083,2,3943,4,6026,California
Glenn,3/22/2021,116,9710,53,2857,55,6459,8,394,96,2169,18,3961,104,6130,California
Glenn,3/23/2021,173,9883,66,2923,56,6515,51,445,100,2248,72,4033,151,6281,California
Glenn,3/24/2021,205,10088,100,3023,100,6615,5,450,133,2315,71,4104,138,6419,California
Glenn,3/25/2021,455,10543,226,3249,135,6750,94,544,326,2607,128,4232,420,6839,California
Glenn,3/26/2021,225,10768,34,3283,155,6905,36,580,175,2768,50,4282,211,7050,California
Glenn,3/27/2021,151,10919,21,3304,125,7030,5,585,141,2904,10,4292,146,7196,California
Glenn,3/28/2021,15,10934,10,3314,5,7035,0,585,10,2909,5,4297,10,7206,California
Glenn,3/29/2021,58,10992,19,3333,36,7071,3,588,44,2942,14,4311,47,7253,California
Glenn,3/30/2021,73,11065,41,3374,31,7102,1,589,42,2956,29,4340,43,7296,California
Glenn,3/31/2021,125,11190,35,3409,89,7191,1,590,54,2941,70,4410,55,7351,California
Glenn,4/1/2021,637,11827,182,3591,446,7637,9,599,226,2767,409,4819,235,7586,California
Glenn,4/2/2021,158,11985,25,3616,121,7758,12,611,122,2865,36,4855,134,7720,California
Glenn,4/3/2021,91,12076,4,3620,80,7838,7,618,80,2941,11,4866,87,7807,California
Glenn,4/4/2021,8,12084,3,3623,3,7841,2,620,4,2943,4,4870,6,7813,California
Glenn,4/5/2021,65,12149,25,3648,27,7868,13,633,28,2947,37,4907,41,7854,California
Glenn,4/6/2021,143,12292,52,3700,52,7920,39,672,37,2917,105,5012,75,7929,California
Glenn,4/7/2021,159,12451,46,3746,59,7979,54,726,73,2958,86,5098,127,8056,California
Glenn,4/8/2021,638,13089,188,3934,416,8395,34,760,137,2630,499,5597,171,8227,California
Glenn,4/9/2021,158,13247,58,3992,84,8479,16,776,101,2690,57,5654,117,8344,California
Glenn,4/10/2021,75,13322,1,3993,63,8542,11,787,63,2752,12,5666,74,8418,California
Glenn,4/11/2021,17,13339,8,4001,4,8546,5,792,7,2754,10,5676,12,8430,California
Glenn,4/12/2021,114,13453,24,4025,61,8607,29,821,20,2709,94,5770,49,8479,California
Glenn,4/13/2021,117,13570,63,4088,54,8661,0,821,31,2655,85,5855,31,8510,California
Glenn,4/14/2021,120,13690,45,4133,75,8736,0,821,66,2667,54,5909,66,8576,California
Glenn,4/15/2021,360,14050,274,4407,86,8822,0,821,124,2555,236,6145,124,8700,California
Glenn,4/16/2021,162,14212,38,4445,124,8946,0,821,81,2555,81,6226,81,8781,California
Glenn,4/17/2021,163,14375,16,4461,147,9093,0,821,35,2468,122,6348,35,8816,California
Glenn,4/18/2021,16,14391,3,4464,13,9106,0,821,13,2478,3,6351,13,8829,California
Glenn,4/19/2021,82,14473,17,4481,65,9171,0,821,27,2451,54,6405,27,8856,California
Glenn,4/20/2021,125,14598,81,4562,44,9215,0,821,56,2438,69,6474,56,8912,California
Glenn,4/21/2021,407,15005,304,4866,103,9318,0,821,282,2595,125,6599,282,9194,California
Glenn,4/22/2021,204,15209,46,4912,158,9476,0,821,42,2476,161,6760,42,9236,California
Glenn,4/23/2021,147,15356,8,4920,139,9615,0,821,37,2404,109,6869,37,9273,California
Humboldt,12/15/2020,2,2,2,2,0,0,0,0,2,2,0,0,2,2,California
Humboldt,12/16/2020,15,17,15,17,0,0,0,0,15,17,0,0,15,17,California
Humboldt,12/17/2020,117,134,117,134,0,0,0,0,117,134,0,0,117,134,California
Humboldt,12/18/2020,176,310,176,310,0,0,0,0,176,310,0,0,176,310,California
Humboldt,12/19/2020,10,320,10,320,0,0,0,0,10,320,0,0,10,320,California
Humboldt,12/20/2020,28,348,28,348,0,0,0,0,28,348,0,0,28,348,California
Humboldt,12/21/2020,165,513,165,513,0,0,0,0,165,513,0,0,165,513,California
Humboldt,12/22/2020,293,806,293,806,0,0,0,0,293,806,0,0,293,806,California
Humboldt,12/23/2020,310,1116,262,1068,48,48,0,0,311,1117,0,0,311,1117,California
Humboldt,12/24/2020,25,1141,2,1070,23,71,0,0,25,1142,0,0,25,1142,California
Humboldt,12/25/2020,2,1143,2,1072,0,71,0,0,2,1144,0,0,2,1144,California
Humboldt,12/26/2020,6,1149,5,1077,1,72,0,0,6,1150,0,0,6,1150,California
Humboldt,12/28/2020,154,1303,144,1221,10,82,0,0,154,1304,0,0,154,1304,California
Humboldt,12/29/2020,167,1470,124,1345,43,125,0,0,167,1471,0,0,167,1471,California
Humboldt,12/30/2020,223,1693,124,1469,99,224,0,0,223,1694,0,0,223,1694,California
Humboldt,12/31/2020,242,1935,79,1548,163,387,0,0,242,1936,0,0,242,1936,California
Humboldt,1/1/2021,2,1937,1,1549,1,388,0,0,2,1938,0,0,2,1938,California
Humboldt,1/2/2021,38,1975,1,1550,37,425,0,0,38,1976,0,0,38,1976,California
Humboldt,1/4/2021,217,2192,142,1692,75,500,0,0,218,2194,0,0,218,2194,California
Humboldt,1/5/2021,128,2320,18,1710,110,610,0,0,127,2320,1,1,127,2321,California
Humboldt,1/6/2021,302,2622,203,1913,99,709,0,0,230,2489,61,62,230,2551,California
Humboldt,1/7/2021,417,3039,305,2218,112,821,0,0,304,2695,98,160,304,2855,California
Humboldt,1/8/2021,419,3458,279,2497,140,961,0,0,284,2848,131,291,284,3139,California
Humboldt,1/9/2021,69,3527,45,2542,24,985,0,0,66,2912,3,294,67,3206,California
Humboldt,1/10/2021,84,3611,84,2626,0,985,0,0,4,2836,80,374,4,3210,California
Humboldt,1/11/2021,287,3898,276,2902,11,996,0,0,72,2697,211,585,72,3282,California
Humboldt,1/12/2021,480,4378,317,3219,163,1159,0,0,298,2835,160,745,298,3580,California
Humboldt,1/13/2021,480,4858,274,3493,206,1365,0,0,303,2965,174,919,304,3884,California
Humboldt,1/14/2021,518,5376,161,3654,357,1722,0,0,462,3372,56,975,463,4347,California
Humboldt,1/15/2021,374,5750,39,3693,335,2057,0,0,357,3712,17,992,357,4704,California
Humboldt,1/16/2021,170,5920,6,3699,164,2221,0,0,169,3880,1,993,169,4873,California
Humboldt,1/17/2021,6,5926,4,3703,2,2223,0,0,6,3886,0,993,6,4879,California
Humboldt,1/18/2021,292,6218,257,3960,35,2258,0,0,143,3880,149,1142,143,5022,California
Humboldt,1/19/2021,626,6844,372,4332,254,2512,0,0,499,4258,121,1263,499,5521,California
Humboldt,1/20/2021,911,7755,401,4733,510,3022,0,0,763,4884,139,1402,765,6286,California
Humboldt,1/21/2021,956,8711,260,4993,696,3718,0,0,915,5758,41,1443,915,7201,California
Humboldt,1/22/2021,675,9386,376,5369,299,4017,0,0,667,6417,8,1451,667,7868,California
Humboldt,1/23/2021,800,10186,271,5640,529,4546,0,0,791,7200,9,1460,792,8660,California
Humboldt,1/24/2021,226,10412,1,5641,225,4771,0,0,225,7424,1,1461,225,8885,California
Humboldt,1/25/2021,303,10715,232,5873,71,4842,0,0,149,7419,154,1615,149,9034,California
Humboldt,1/26/2021,526,11241,141,6014,385,5227,0,0,479,7851,47,1662,479,9513,California
Humboldt,1/27/2021,1258,12499,585,6599,673,5900,0,0,1193,8987,58,1720,1194,10707,California
Humboldt,1/28/2021,1448,13947,627,7226,821,6721,0,0,1313,10170,132,1852,1315,12022,California
Humboldt,1/29/2021,1128,15075,543,7769,585,7306,0,0,710,10463,418,2270,711,12733,California
Humboldt,1/30/2021,972,16047,458,8227,514,7820,0,0,961,11414,11,2281,962,13695,California
Humboldt,1/31/2021,310,16357,309,8536,1,7821,0,0,309,11722,1,2282,309,14004,California
Humboldt,2/1/2021,333,16690,192,8728,141,7962,0,0,189,11768,143,2425,189,14193,California
Humboldt,2/2/2021,442,17132,73,8801,369,8331,0,0,339,12008,101,2526,341,14534,California
Humboldt,2/3/2021,652,17784,259,9060,393,8724,0,0,502,12360,150,2676,502,15036,California
Humboldt,2/4/2021,638,18422,262,9322,376,9100,0,0,442,12609,193,2869,442,15478,California
Humboldt,2/5/2021,810,19232,94,9416,716,9816,0,0,624,13047,186,3055,624,16102,California
Humboldt,2/6/2021,1053,20285,443,9859,610,10426,0,0,1012,14020,40,3095,1013,17115,California
Humboldt,2/7/2021,377,20662,7,9866,370,10796,0,0,373,14390,4,3099,374,17489,California
Humboldt,2/8/2021,325,20987,142,10008,183,10979,0,0,184,14434,140,3239,184,17673,California
Humboldt,2/9/2021,493,21480,218,10226,275,11254,0,0,178,14297,315,3554,178,17851,California
Humboldt,2/10/2021,562,22042,369,10595,193,11447,0,0,232,14204,325,3879,232,18083,California
Humboldt,2/11/2021,1291,23333,392,10987,899,12346,0,0,510,13936,778,4657,510,18593,California
Humboldt,2/12/2021,1145,24478,733,11720,412,12758,0,0,705,14201,440,5097,705,19298,California
Humboldt,2/13/2021,1499,25977,552,12272,947,13705,0,0,911,14526,586,5683,911,20209,California
Humboldt,2/14/2021,112,26089,5,12277,107,13812,0,0,109,14633,2,5685,109,20318,California
Humboldt,2/15/2021,293,26382,78,12355,215,14027,0,0,196,14732,97,5782,196,20514,California
Humboldt,2/16/2021,534,26916,117,12472,417,14444,0,0,252,14703,282,6064,253,20767,California
Humboldt,2/17/2021,452,27368,280,12752,172,14616,0,0,137,14525,315,6379,137,20904,California
Humboldt,2/18/2021,967,28335,596,13348,371,14987,0,0,230,14019,736,7115,230,21134,California
Humboldt,2/19/2021,476,28811,435,13783,41,15028,0,0,90,13726,383,7498,90,21224,California
Humboldt,2/20/2021,1584,30395,978,14761,606,15634,0,0,475,13097,1106,8604,477,21701,California
Humboldt,2/21/2021,480,30875,472,15233,8,15642,0,0,184,12986,296,8900,185,21886,California
Humboldt,2/22/2021,125,31000,91,15324,34,15676,0,0,26,12915,97,8997,26,21912,California
Humboldt,2/23/2021,173,31173,70,15394,103,15779,0,0,40,12824,131,9128,40,21952,California
Humboldt,2/24/2021,1145,32318,687,16081,458,16237,0,0,568,12816,576,9704,568,22520,California
Humboldt,2/25/2021,829,33147,315,16396,514,16751,0,0,227,12443,600,10304,227,22747,California
Humboldt,2/26/2021,2142,35289,106,16502,2036,18787,0,0,455,11217,1681,11985,455,23202,California
Humboldt,2/27/2021,1687,36976,1072,17574,615,19402,0,0,867,11270,818,12803,871,24073,California
Humboldt,2/28/2021,122,37098,11,17585,111,19513,0,0,117,11382,5,12808,117,24190,California
Humboldt,3/1/2021,255,37353,47,17632,208,19721,0,0,180,11487,75,12883,180,24370,California
Humboldt,3/2/2021,286,37639,48,17680,238,19959,0,0,156,11513,130,13013,156,24526,California
Humboldt,3/3/2021,1643,39282,1095,18775,548,20507,0,0,1220,12317,417,13430,1221,25747,California
Humboldt,3/4/2021,882,40164,107,18882,775,21282,0,0,266,11969,616,14046,268,26015,California
Humboldt,3/5/2021,928,41092,181,19063,736,22018,11,11,375,11806,549,14595,386,26401,California
Humboldt,3/6/2021,1687,42779,837,19900,801,22819,49,60,709,11587,977,15572,758,27159,California
Humboldt,3/7/2021,363,43142,295,20195,50,22869,18,78,158,11558,205,15777,176,27335,California
Humboldt,3/8/2021,257,43399,6,20201,173,23042,78,156,163,11705,94,15871,241,27576,California
Humboldt,3/9/2021,457,43856,201,20402,111,23153,145,301,213,11821,242,16113,358,27934,California
Humboldt,3/10/2021,681,44537,466,20868,62,23215,153,454,412,12116,268,16381,563,28497,California
Humboldt,3/11/2021,1370,45907,461,21329,809,24024,100,554,553,11953,815,17196,652,29149,California
Humboldt,3/12/2021,1736,47643,1082,22411,434,24458,220,774,1047,12541,681,17877,1269,30418,California
Humboldt,3/13/2021,1568,49211,1021,23432,495,24953,52,826,679,12389,883,18760,731,31149,California
Humboldt,3/14/2021,139,49350,18,23450,112,25065,9,835,25,12309,114,18874,34,31183,California
Humboldt,3/15/2021,268,49618,51,23501,197,25262,20,855,51,12163,217,19091,71,31254,California
Humboldt,3/16/2021,632,50250,200,23701,172,25434,260,1115,258,12306,373,19464,516,31770,California
Humboldt,3/17/2021,728,50978,397,24098,223,25657,108,1223,335,12357,392,19856,443,32213,California
Humboldt,3/18/2021,1729,52707,1164,25262,522,26179,43,1266,1037,12750,687,20543,1080,33293,California
Humboldt,3/19/2021,1073,53780,58,25320,701,26880,314,1580,441,12876,629,21172,755,34048,California
Humboldt,3/20/2021,1372,55152,750,26070,609,27489,13,1593,426,12372,944,22116,440,34488,California
Humboldt,3/21/2021,246,55398,33,26103,184,27673,29,1622,199,12553,47,22163,228,34716,California
Humboldt,3/22/2021,111,55509,15,26118,47,27720,49,1671,56,12604,54,22217,105,34821,California
Humboldt,3/23/2021,408,55917,40,26158,325,28045,43,1714,318,12877,88,22305,361,35182,California
Humboldt,3/24/2021,1412,57329,389,26547,976,29021,47,1761,1038,13594,366,22671,1083,36265,California
Humboldt,3/25/2021,1827,59156,1202,27749,563,29584,62,1823,944,13719,881,23552,1006,37271,California
Humboldt,3/26/2021,2023,61179,425,28174,1543,31127,55,1878,1582,14920,436,23988,1637,38908,California
Humboldt,3/27/2021,1922,63101,1436,29610,318,31445,168,2046,1058,15286,860,24848,1226,40134,California
Humboldt,3/28/2021,265,63366,79,29689,115,31560,71,2117,83,15259,182,25030,155,40289,California
Humboldt,3/29/2021,465,63831,124,29813,246,31806,95,2212,197,15283,267,25297,291,40580,California
Humboldt,3/30/2021,931,64762,300,30113,517,32323,114,2326,557,15583,370,25667,670,41250,California
Humboldt,3/31/2021,1846,66608,515,30628,1235,33558,96,2422,1395,16628,448,26115,1493,42743,California
Humboldt,4/1/2021,2084,68692,694,31322,1301,34859,89,2511,1473,17586,604,26719,1562,44305,California
Humboldt,4/2/2021,1687,70379,1100,32422,484,35343,103,2614,598,17203,1084,27803,701,45006,California
Humboldt,4/3/2021,1646,72025,1491,33913,139,35482,16,2630,668,16919,968,28771,684,45690,California
Humboldt,4/4/2021,470,72495,360,34273,101,35583,9,2639,397,17253,73,28844,407,46097,California
Humboldt,4/5/2021,755,73250,454,34727,253,35836,48,2687,436,17420,317,29161,484,46581,California
Humboldt,4/6/2021,811,74061,310,35037,367,36203,134,2821,575,17898,230,29391,708,47289,California
Humboldt,4/7/2021,1475,75536,1054,36091,283,36486,138,2959,983,18529,490,29881,1121,48410,California
Humboldt,4/8/2021,1592,77128,1058,37149,410,36896,124,3083,705,18472,886,30767,829,49239,California
Humboldt,4/9/2021,1405,78533,431,37580,824,37720,150,3233,1132,19476,273,31040,1277,50516,California
Humboldt,4/10/2021,922,79455,134,37714,614,38334,174,3407,727,20182,194,31234,900,51416,California
Humboldt,4/11/2021,632,80087,136,37850,30,38364,466,3873,125,20265,507,31741,590,52006,California
Humboldt,4/12/2021,410,80497,222,38072,75,38439,113,3986,273,20514,137,31878,386,52392,California
Humboldt,4/13/2021,580,81077,321,38393,256,38695,3,3989,545,21029,32,31910,547,52939,California
Humboldt,4/14/2021,1408,82485,1029,39422,379,39074,0,3989,1308,22238,99,32009,1308,54247,California
Humboldt,4/15/2021,1796,84281,1194,40616,598,39672,4,3993,1238,22938,540,32549,1240,55487,California
Humboldt,4/16/2021,1098,85379,495,41111,603,40275,0,3993,534,22911,561,33110,534,56021,California
Humboldt,4/17/2021,1549,86928,1229,42340,320,40595,0,3993,1010,23387,534,33644,1010,57031,California
Humboldt,4/18/2021,470,87398,341,42681,129,40724,0,3993,92,23105,374,34018,92,57123,California
Humboldt,4/19/2021,144,87542,54,42735,90,40814,0,3993,64,23089,80,34098,64,57187,California
Humboldt,4/20/2021,435,87977,97,42832,338,41152,0,3993,218,23090,217,34315,218,57405,California
Humboldt,4/21/2021,989,88966,338,43170,651,41803,0,3993,390,22891,590,34905,391,57796,California
Humboldt,4/22/2021,815,89781,502,43672,311,42114,2,3995,420,22919,393,35298,421,58217,California
Humboldt,4/23/2021,644,90425,25,43697,619,42733,0,3995,186,22649,456,35754,186,58403,California
Imperial,12/16/2020,1,1,1,1,0,0,0,0,1,1,0,0,1,1,California
Imperial,12/17/2020,4,5,4,5,0,0,0,0,4,5,0,0,4,5,California
Imperial,12/18/2020,11,16,11,16,0,0,0,0,11,16,0,0,11,16,California
Imperial,12/20/2020,2,18,2,18,0,0,0,0,2,18,0,0,2,18,California
Imperial,12/21/2020,186,204,186,204,0,0,0,0,186,204,0,0,186,204,California
Imperial,12/22/2020,241,445,239,443,2,2,0,0,241,445,0,0,241,445,California
Imperial,12/23/2020,211,656,210,653,1,3,0,0,210,655,0,0,210,655,California
Imperial,12/24/2020,5,661,5,658,0,3,0,0,5,660,0,0,5,660,California
Imperial,12/26/2020,1,662,0,658,1,4,0,0,1,661,0,0,1,661,California
Imperial,12/27/2020,62,724,0,658,62,66,0,0,62,723,0,0,62,723,California
Imperial,12/28/2020,214,938,114,772,100,166,0,0,214,937,0,0,214,937,California
Imperial,12/29/2020,189,1127,36,808,153,319,0,0,189,1126,0,0,189,1126,California
Imperial,12/30/2020,366,1493,50,858,316,635,0,0,366,1492,0,0,366,1492,California
Imperial,12/31/2020,197,1690,26,884,171,806,0,0,197,1689,0,0,197,1689,California
Imperial,1/1/2021,46,1736,5,889,41,847,0,0,46,1735,0,0,46,1735,California
Imperial,1/2/2021,4,1740,0,889,4,851,0,0,4,1739,0,0,4,1739,California
Imperial,1/3/2021,90,1830,0,889,90,941,0,0,90,1829,0,0,90,1829,California
Imperial,1/4/2021,85,1915,5,894,80,1021,0,0,85,1914,0,0,85,1914,California
Imperial,1/5/2021,172,2087,13,907,159,1180,0,0,172,2086,0,0,172,2086,California
Imperial,1/6/2021,190,2277,25,932,165,1345,0,0,189,2274,1,1,189,2275,California
Imperial,1/7/2021,319,2596,9,941,310,1655,0,0,316,2587,3,4,316,2591,California
Imperial,1/8/2021,190,2786,50,991,140,1795,0,0,181,2759,9,13,181,2772,California
Imperial,1/9/2021,24,2810,21,1012,3,1798,0,0,24,2783,0,13,24,2796,California
Imperial,1/10/2021,1,2811,0,1012,1,1799,0,0,1,2784,0,13,1,2797,California
Imperial,1/11/2021,403,3214,244,1256,159,1958,0,0,175,2731,228,241,175,2972,California
Imperial,1/12/2021,403,3617,301,1557,102,2060,0,0,141,2611,261,502,141,3113,California
Imperial,1/13/2021,379,3996,132,1689,247,2307,0,0,280,2792,99,601,280,3393,California
Imperial,1/14/2021,260,4256,151,1840,109,2416,0,0,254,3041,5,606,254,3647,California
Imperial,1/15/2021,240,4496,182,2022,58,2474,0,0,233,3267,7,613,233,3880,California
Imperial,1/16/2021,76,4572,72,2094,4,2478,0,0,75,3341,1,614,75,3955,California
Imperial,1/17/2021,10,4582,2,2096,8,2486,0,0,10,3351,0,614,10,3965,California
Imperial,1/18/2021,1056,5638,401,2497,655,3141,0,0,957,4210,99,713,958,4923,California
Imperial,1/19/2021,164,5802,128,2625,36,3177,0,0,117,4280,47,760,117,5040,California
Imperial,1/20/2021,292,6094,195,2820,97,3274,0,0,254,4496,38,798,254,5294,California
Imperial,1/21/2021,415,6509,183,3003,232,3506,0,0,395,4871,20,818,395,5689,California
Imperial,1/22/2021,456,6965,189,3192,267,3773,0,0,447,5309,9,827,447,6136,California
Imperial,1/23/2021,1041,8006,290,3482,751,4524,0,0,1040,6348,1,828,1040,7176,California
Imperial,1/24/2021,10,8016,3,3485,7,4531,0,0,10,6358,0,828,10,7186,California
Imperial,1/25/2021,213,8229,5,3490,208,4739,0,0,34,6214,178,1006,34,7220,California
Imperial,1/26/2021,359,8588,184,3674,175,4914,0,0,216,6287,143,1149,216,7436,California
Imperial,1/27/2021,570,9158,162,3836,408,5322,0,0,237,6191,333,1482,237,7673,California
Imperial,1/28/2021,632,9790,159,3995,473,5795,0,0,525,6609,107,1589,525,8198,California
Imperial,1/29/2021,423,10213,296,4291,127,5922,0,0,373,6932,50,1639,373,8571,California
Imperial,1/30/2021,56,10269,31,4322,25,5947,0,0,39,6954,17,1656,39,8610,California
Imperial,1/31/2021,16,10285,6,4328,10,5957,0,0,15,6968,1,1657,15,8625,California
Imperial,2/1/2021,419,10704,53,4381,366,6323,0,0,208,6967,209,1866,208,8833,California
Imperial,2/2/2021,679,11383,54,4435,625,6948,0,0,498,7284,181,2047,498,9331,California
Imperial,2/3/2021,456,11839,47,4482,409,7357,0,0,263,7355,192,2239,263,9594,California
Imperial,2/4/2021,1716,13555,1197,5679,519,7876,0,0,1402,8445,312,2551,1402,10996,California
Imperial,2/5/2021,389,13944,241,5920,148,8024,0,0,153,8364,234,2785,153,11149,California
Imperial,2/6/2021,861,14805,838,6758,23,8047,0,0,824,9152,36,2821,824,11973,California
Imperial,2/7/2021,21,14826,9,6767,12,8059,0,0,20,9171,1,2822,20,11993,California
Imperial,2/8/2021,250,15076,42,6809,208,8267,0,0,182,9285,68,2890,182,12175,California
Imperial,2/9/2021,461,15537,145,6954,316,8583,0,0,304,9432,157,3047,304,12479,California
Imperial,2/10/2021,384,15921,56,7010,328,8911,0,0,94,9237,290,3337,95,12574,California
Imperial,2/11/2021,462,16383,258,7268,204,9115,0,0,89,8953,373,3710,89,12663,California
Imperial,2/12/2021,2129,18512,1411,8679,718,9833,0,0,1777,10379,351,4061,1777,14440,California
Imperial,2/13/2021,42,18554,18,8697,24,9857,0,0,34,10406,8,4069,35,14475,California
Imperial,2/14/2021,23,18577,11,8708,12,9869,0,0,21,10425,2,4071,21,14496,California
Imperial,2/15/2021,30,18607,10,8718,20,9889,0,0,23,10441,7,4078,23,14519,California
Imperial,2/16/2021,514,19121,266,8984,248,10137,0,0,293,10513,221,4299,293,14812,California
Imperial,2/17/2021,439,19560,285,9269,154,10291,0,0,83,10240,356,4655,83,14895,California
Imperial,2/18/2021,646,20206,308,9577,338,10629,0,0,140,9876,504,5159,140,15035,California
Imperial,2/19/2021,766,20972,381,9958,385,11014,0,0,192,9495,573,5732,192,15227,California
Imperial,2/20/2021,1039,22011,191,10149,848,11862,0,0,325,9109,713,6445,327,15554,California
Imperial,2/21/2021,588,22599,554,10703,34,11896,0,0,577,9676,10,6455,577,16131,California
Imperial,2/22/2021,809,23408,569,11272,240,12136,0,0,759,10385,50,6505,759,16890,California
Imperial,2/23/2021,937,24345,372,11644,565,12701,0,0,887,11222,50,6555,887,17777,California
Imperial,2/24/2021,700,25045,285,11929,415,13116,0,0,602,11727,97,6652,602,18379,California
Imperial,2/25/2021,815,25860,338,12267,477,13593,0,0,449,11816,365,7017,454,18833,California
Imperial,2/26/2021,1743,27603,1350,13617,393,13986,0,0,1569,13213,172,7189,1569,20402,California
Imperial,2/27/2021,858,28461,809,14426,49,14035,0,0,120,12596,738,7927,121,20523,California
Imperial,2/28/2021,29,28490,19,14445,10,14045,0,0,20,12607,9,7936,20,20543,California
Imperial,3/1/2021,492,28982,293,14738,198,14243,1,1,427,12973,63,7999,429,20972,California
Imperial,3/2/2021,673,29655,246,14984,427,14670,0,1,384,13070,289,8288,386,21358,California
Imperial,3/3/2021,915,30570,39,15023,875,15545,1,2,546,13262,366,8654,558,21916,California
Imperial,3/4/2021,745,31315,76,15099,668,16213,1,3,485,13519,258,8912,515,22431,California
Imperial,3/5/2021,2568,33883,1937,17036,631,16844,0,3,1243,13442,1322,10234,1245,23676,California
Imperial,3/6/2021,688,34571,236,17272,452,17296,0,3,647,14055,38,10272,651,24327,California
Imperial,3/7/2021,72,34643,39,17311,33,17329,0,3,52,14088,20,10292,53,24380,California
Imperial,3/8/2021,412,35055,329,17640,48,17377,35,38,360,14431,52,10344,395,24775,California
Imperial,3/9/2021,681,35736,310,17950,125,17502,246,284,397,14790,284,10628,643,25418,California
Imperial,3/10/2021,681,36417,312,18262,266,17768,103,387,318,14850,362,10990,422,25840,California
Imperial,3/11/2021,1787,38204,478,18740,1116,18884,193,580,1186,15640,600,11590,1390,27230,California
Imperial,3/12/2021,3699,41903,2538,21278,976,19860,185,765,2101,16331,1596,13186,2287,29517,California
Imperial,3/13/2021,1141,43044,90,21368,828,20688,223,988,856,17130,283,13469,1082,30599,California
Imperial,3/14/2021,168,43212,30,21398,126,20814,12,1000,138,17251,30,13499,151,30750,California
Imperial,3/15/2021,669,43881,214,21612,197,21011,258,1258,374,17589,294,13793,632,31382,California
Imperial,3/16/2021,1069,44950,276,21888,340,21351,453,1711,532,18039,535,14328,985,32367,California
Imperial,3/17/2021,1572,46522,691,22579,744,22095,137,1848,994,18596,575,14903,1132,33499,California
Imperial,3/18/2021,1779,48301,1176,23755,543,22638,60,1908,1250,19381,527,15430,1312,34811,California
Imperial,3/19/2021,3335,51636,2445,26200,886,23524,4,1912,1499,19056,1829,17259,1504,36315,California
Imperial,3/20/2021,862,52498,550,26750,307,23831,5,1917,418,19045,440,17699,429,36744,California
Imperial,3/21/2021,214,52712,33,26783,177,24008,4,1921,156,19151,58,17757,164,36908,California
Imperial,3/22/2021,1044,53756,338,27121,699,24707,7,1928,623,19362,420,18177,631,37539,California
Imperial,3/23/2021,1388,55144,410,27531,972,25679,6,1934,889,19762,497,18674,897,38436,California
Imperial,3/24/2021,1870,57014,542,28073,901,26580,427,2361,899,20120,969,19643,1327,39763,California
Imperial,3/25/2021,2795,59809,500,28573,874,27454,1421,3782,1003,20752,1788,21431,2420,42183,California
Imperial,3/26/2021,2475,62284,875,29448,730,28184,870,4652,770,20694,1699,23130,1641,43824,California
Imperial,3/27/2021,576,62860,264,29712,260,28444,52,4704,417,21007,156,23286,469,44293,California
Imperial,3/28/2021,209,63069,51,29763,156,28600,2,4706,172,21145,36,23322,174,44467,California
Imperial,3/29/2021,1172,64241,345,30108,390,28990,437,5143,313,21039,857,24179,751,45218,California
Imperial,3/30/2021,1771,66012,676,30784,591,29581,504,5647,675,21123,1096,25275,1180,46398,California
Imperial,3/31/2021,1531,67543,715,31499,811,30392,5,5652,1021,21640,508,25783,1025,47423,California
Imperial,4/1/2021,1799,69342,396,31895,1162,31554,241,5893,808,21702,987,26770,1049,48472,California
Imperial,4/2/2021,1250,70592,445,32340,731,32285,74,5967,736,21999,512,27282,809,49281,California
Imperial,4/3/2021,1490,72082,405,32745,1007,33292,78,6045,684,21959,802,28084,762,50043,California
Imperial,4/4/2021,83,72165,39,32784,28,33320,16,6061,24,21940,59,28143,40,50083,California
Imperial,4/5/2021,2108,74273,1278,34062,763,34083,67,6128,400,20707,1701,29844,468,50551,California
Imperial,4/6/2021,1291,75564,528,34590,574,34657,189,6317,680,20969,608,30452,870,51421,California
Imperial,4/7/2021,2148,77712,549,35139,1224,35881,375,6692,1539,22278,605,31057,1914,53335,California
Imperial,4/8/2021,2182,79894,1068,36207,822,36703,292,6984,1075,22540,1104,32161,1366,54701,California
Imperial,4/9/2021,2133,82027,627,36834,891,37594,615,7599,828,22682,1301,33462,1443,56144,California
Imperial,4/10/2021,1268,83295,182,37016,816,38410,270,7869,209,22102,1057,34519,477,56621,California
Imperial,4/11/2021,215,83510,29,37045,154,38564,32,7901,73,22065,142,34661,105,56726,California
Imperial,4/12/2021,1330,84840,761,37806,380,38944,189,8090,744,22418,583,35244,936,57662,California
Imperial,4/13/2021,2210,87050,1442,39248,767,39711,1,8091,1532,23278,673,35917,1533,59195,California
Imperial,4/14/2021,1896,88946,941,40189,955,40666,0,8091,1331,24050,560,36477,1332,60527,California
Imperial,4/15/2021,1814,90760,873,41062,941,41607,0,8091,1315,24869,497,36974,1316,61843,California
Imperial,4/16/2021,2022,92782,961,42023,1061,42668,0,8091,1153,25157,865,37839,1153,62996,California
Imperial,4/17/2021,1721,94503,852,42875,867,43535,2,8093,1356,26155,361,38200,1359,64355,California
Imperial,4/18/2021,244,94747,63,42938,181,43716,0,8093,85,26082,158,38358,85,64440,California
Imperial,4/19/2021,754,95501,247,43185,507,44223,0,8093,441,26215,312,38670,445,64885,California
Imperial,4/20/2021,1257,96758,510,43695,747,44970,0,8093,736,26433,518,39188,736,65621,California
Imperial,4/21/2021,1262,98020,324,44019,938,45908,0,8093,776,26726,483,39671,776,66397,California
Imperial,4/22/2021,1641,99661,759,44778,882,46790,0,8093,1149,27391,486,40157,1151,67548,California
Imperial,4/23/2021,1123,100784,345,45123,778,47568,0,8093,726,27731,390,40547,730,68278,California
Inyo,12/19/2020,85,85,85,85,0,0,0,0,85,85,0,0,85,85,California
Inyo,12/20/2020,58,143,58,143,0,0,0,0,58,143,0,0,58,143,California
Inyo,12/21/2020,88,231,85,228,3,3,0,0,88,231,0,0,88,231,California
Inyo,12/22/2020,105,336,105,333,0,3,0,0,105,336,0,0,105,336,California
Inyo,12/23/2020,70,406,67,400,3,6,0,0,70,406,0,0,70,406,California
Inyo,12/24/2020,16,422,16,416,0,6,0,0,16,422,0,0,16,422,California
Inyo,12/25/2020,1,423,0,416,1,7,0,0,1,423,0,0,1,423,California
Inyo,12/26/2020,74,497,74,490,0,7,0,0,74,497,0,0,74,497,California
Inyo,12/28/2020,48,545,36,526,12,19,0,0,48,545,0,0,48,545,California
Inyo,12/29/2020,20,565,20,546,0,19,0,0,20,565,0,0,20,565,California
Inyo,12/30/2020,56,621,54,600,2,21,0,0,56,621,0,0,56,621,California
Inyo,12/31/2020,29,650,0,600,29,50,0,0,29,650,0,0,29,650,California
Inyo,1/1/2021,1,651,0,600,1,51,0,0,1,651,0,0,1,651,California
Inyo,1/3/2021,1,652,0,600,1,52,0,0,1,652,0,0,1,652,California
Inyo,1/4/2021,1,653,1,601,0,52,0,0,1,653,0,0,1,653,California
Inyo,1/5/2021,34,687,0,601,34,86,0,0,34,687,0,0,34,687,California
Inyo,1/6/2021,68,755,0,601,68,154,0,0,68,755,0,0,68,755,California
Inyo,1/7/2021,31,786,1,602,30,184,0,0,31,786,0,0,31,786,California
Inyo,1/8/2021,9,795,8,610,1,185,0,0,4,786,5,5,5,791,California
Inyo,1/9/2021,87,882,86,696,1,186,0,0,1,701,86,91,1,792,California
Inyo,1/10/2021,52,934,52,748,0,186,0,0,0,649,52,143,0,792,California
Inyo,1/11/2021,97,1031,82,830,15,201,0,0,16,584,81,224,16,808,California
Inyo,1/12/2021,139,1170,118,948,21,222,0,0,28,501,111,335,28,836,California
Inyo,1/13/2021,86,1256,68,1016,18,240,0,0,21,458,65,400,22,858,California
Inyo,1/14/2021,59,1315,13,1029,46,286,0,0,49,497,10,410,49,907,California
Inyo,1/15/2021,163,1478,28,1057,135,421,0,0,163,660,0,410,163,1070,California
Inyo,1/16/2021,74,1552,73,1130,1,422,0,0,1,588,73,483,1,1071,California
Inyo,1/18/2021,58,1610,36,1166,22,444,0,0,19,568,39,522,19,1090,California
Inyo,1/19/2021,115,1725,72,1238,43,487,0,0,99,651,16,538,99,1189,California
Inyo,1/20/2021,145,1870,70,1308,75,562,0,0,91,688,54,592,91,1280,California
Inyo,1/21/2021,121,1991,57,1365,64,626,0,0,120,807,1,593,120,1400,California
Inyo,1/22/2021,62,2053,0,1365,62,688,0,0,61,867,1,594,61,1461,California
Inyo,1/23/2021,52,2105,52,1417,0,688,0,0,52,919,0,594,52,1513,California
Inyo,1/25/2021,49,2154,6,1423,43,731,0,0,37,944,12,606,37,1550,California
Inyo,1/26/2021,135,2289,54,1477,81,812,0,0,129,1067,6,612,129,1679,California
Inyo,1/27/2021,23,2312,2,1479,21,833,0,0,22,1088,1,613,22,1701,California
Inyo,1/28/2021,92,2404,2,1481,90,923,0,0,63,1122,29,642,63,1764,California
Inyo,1/29/2021,25,2429,3,1484,22,945,0,0,23,1143,2,644,23,1787,California
Inyo,1/30/2021,11,2440,1,1485,10,955,0,0,11,1154,0,644,11,1798,California
Inyo,1/31/2021,32,2472,4,1489,28,983,0,0,4,1130,28,672,4,1802,California
Inyo,2/1/2021,11,2483,9,1498,2,985,0,0,1,1121,10,682,1,1803,California
Inyo,2/2/2021,130,2613,14,1512,116,1101,0,0,104,1199,26,708,104,1907,California
Inyo,2/3/2021,116,2729,0,1512,116,1217,0,0,74,1231,42,750,74,1981,California
Inyo,2/4/2021,149,2878,31,1543,118,1335,0,0,90,1262,59,809,90,2071,California
Inyo,2/5/2021,117,2995,61,1604,56,1391,0,0,115,1375,2,811,115,2186,California
Inyo,2/6/2021,4,2999,2,1606,2,1393,0,0,3,1377,1,812,3,2189,California
Inyo,2/7/2021,4,3003,2,1608,2,1395,0,0,4,1381,0,812,4,2193,California
Inyo,2/8/2021,117,3120,7,1615,110,1505,0,0,97,1458,20,832,97,2290,California
Inyo,2/9/2021,194,3314,51,1666,143,1648,0,0,123,1510,71,903,123,2413,California
Inyo,2/10/2021,143,3457,18,1684,125,1773,0,0,109,1585,34,937,109,2522,California
Inyo,2/11/2021,220,3677,56,1740,164,1937,0,0,126,1617,94,1031,126,2648,California
Inyo,2/12/2021,299,3976,52,1792,247,2184,0,0,168,1654,131,1162,168,2816,California
Inyo,2/13/2021,60,4036,55,1847,5,2189,0,0,8,1610,52,1214,8,2824,California
Inyo,2/14/2021,1,4037,0,1847,1,2190,0,0,1,1611,0,1214,1,2825,California
Inyo,2/15/2021,29,4066,9,1856,20,2210,0,0,5,1592,24,1238,5,2830,California
Inyo,2/16/2021,181,4247,50,1906,131,2341,0,0,93,1597,88,1326,93,2923,California
Inyo,2/17/2021,37,4284,4,1910,33,2374,0,0,7,1574,30,1356,7,2930,California
Inyo,2/18/2021,123,4407,6,1916,117,2491,0,0,79,1609,44,1400,79,3009,California
Inyo,2/19/2021,52,4459,4,1920,48,2539,0,0,9,1575,43,1443,9,3018,California
Inyo,2/20/2021,504,4963,500,2420,4,2543,0,0,502,2075,2,1445,502,3520,California
Inyo,2/21/2021,267,5230,267,2687,0,2543,0,0,267,2342,0,1445,267,3787,California
Inyo,2/22/2021,61,5291,19,2706,42,2585,0,0,27,2335,34,1479,27,3814,California
Inyo,2/23/2021,198,5489,20,2726,178,2763,0,0,94,2326,103,1582,94,3908,California
Inyo,2/24/2021,116,5605,0,2726,116,2879,0,0,57,2324,59,1641,57,3965,California
Inyo,2/25/2021,130,5735,3,2729,127,3006,0,0,62,2318,68,1709,62,4027,California
Inyo,2/26/2021,103,5838,60,2789,43,3049,0,0,19,2253,84,1793,19,4046,California
Inyo,2/27/2021,15,5853,4,2793,11,3060,0,0,3,2244,12,1805,3,4049,California
Inyo,2/28/2021,3,5856,1,2794,2,3062,0,0,2,2245,1,1806,2,4051,California
Inyo,3/1/2021,20,5876,2,2796,18,3080,0,0,17,2259,3,1809,17,4068,California
Inyo,3/2/2021,195,6071,1,2797,194,3274,0,0,111,2286,84,1893,111,4179,California
Inyo,3/3/2021,83,6154,2,2799,81,3355,0,0,40,2283,43,1936,40,4219,California
Inyo,3/4/2021,128,6282,4,2803,124,3479,0,0,46,2247,82,2018,46,4265,California
Inyo,3/5/2021,142,6424,57,2860,85,3564,0,0,38,2181,104,2122,38,4303,California
Inyo,3/6/2021,31,6455,1,2861,30,3594,0,0,30,2210,1,2123,30,4333,California
Inyo,3/7/2021,7,6462,4,2865,3,3597,0,0,5,2213,2,2125,5,4338,California
Inyo,3/8/2021,182,6644,5,2870,177,3774,0,0,91,2213,91,2216,91,4429,California
Inyo,3/9/2021,186,6830,2,2872,184,3958,0,0,71,2169,115,2331,71,4500,California
Inyo,3/10/2021,70,6900,8,2880,61,4019,1,1,30,2160,40,2371,31,4531,California
Inyo,3/11/2021,203,7103,1,2881,197,4216,5,6,73,2108,130,2501,78,4609,California
Inyo,3/12/2021,174,7277,4,2885,165,4381,5,11,76,2091,98,2599,81,4690,California
Inyo,3/13/2021,576,7853,541,3426,25,4406,10,21,77,1680,498,3097,87,4777,California
Inyo,3/14/2021,432,8285,430,3856,2,4408,0,21,169,1587,262,3359,169,4946,California
Inyo,3/15/2021,51,8336,15,3871,34,4442,2,23,30,1598,21,3380,32,4978,California
Inyo,3/16/2021,164,8500,4,3875,154,4596,6,29,63,1567,100,3480,69,5047,California
Inyo,3/17/2021,107,8607,3,3878,97,4693,7,36,92,1651,15,3495,99,5146,California
Inyo,3/18/2021,182,8789,14,3892,161,4854,7,43,102,1680,80,3575,109,5255,California
Inyo,3/19/2021,45,8834,4,3896,37,4891,4,47,35,1709,10,3585,39,5294,California
Inyo,3/20/2021,20,8854,1,3897,10,4901,9,56,1,1700,19,3604,10,5304,California
Inyo,3/22/2021,59,8913,2,3899,52,4953,5,61,39,1724,20,3624,44,5348,California
Inyo,3/23/2021,195,9108,4,3903,187,5140,4,65,105,1743,90,3714,109,5457,California
Inyo,3/24/2021,140,9248,2,3905,134,5274,4,69,87,1781,53,3767,91,5548,California
Inyo,3/25/2021,325,9573,104,4009,217,5491,4,73,259,1978,66,3833,263,5811,California
Inyo,3/26/2021,90,9663,2,4011,84,5575,4,77,70,2032,20,3853,74,5885,California
Inyo,3/27/2021,52,9715,44,4055,5,5580,3,80,46,2075,6,3859,49,5934,California
Inyo,3/28/2021,4,9719,1,4056,2,5582,1,81,1,2074,3,3862,2,5936,California
Inyo,3/29/2021,109,9828,2,4058,102,5684,5,86,82,2135,26,3888,87,6023,California
Inyo,3/30/2021,212,10040,3,4061,204,5888,5,91,102,2132,110,3998,107,6130,California
Inyo,3/31/2021,144,10184,4,4065,135,6023,5,96,103,2199,41,4039,108,6238,California
Inyo,4/1/2021,164,10348,4,4069,159,6182,1,97,115,2266,49,4088,116,6354,California
Inyo,4/2/2021,81,10429,1,4070,78,6260,2,99,52,2291,29,4117,54,6408,California
Inyo,4/3/2021,93,10522,46,4116,33,6293,14,113,5,2223,86,4203,18,6426,California
Inyo,4/4/2021,5,10527,4,4120,0,6293,1,114,1,2221,4,4207,2,6428,California
Inyo,4/5/2021,117,10644,1,4121,112,6405,4,118,29,2166,88,4295,33,6461,California
Inyo,4/6/2021,235,10879,6,4127,166,6571,63,181,104,2202,131,4426,167,6628,California
Inyo,4/7/2021,200,11079,3,4130,71,6642,126,307,44,2216,156,4582,170,6798,California
Inyo,4/8/2021,176,11255,14,4144,145,6787,17,324,80,2217,96,4678,97,6895,California
Inyo,4/9/2021,123,11378,5,4149,95,6882,23,347,36,2190,86,4764,59,6954,California
Inyo,4/10/2021,42,11420,1,4150,24,6906,17,364,3,2171,39,4803,20,6974,California
Inyo,4/11/2021,1,11421,0,4150,1,6907,0,364,1,2172,0,4803,1,6975,California
Inyo,4/12/2021,79,11500,0,4150,74,6981,5,369,41,2180,38,4841,46,7021,California
Inyo,4/13/2021,119,11619,3,4153,113,7094,3,372,61,2187,57,4898,64,7085,California
Inyo,4/14/2021,121,11740,2,4155,119,7213,0,372,39,2144,82,4980,39,7124,California
Inyo,4/15/2021,261,12001,102,4257,159,7372,0,372,82,2047,179,5159,82,7206,California
Inyo,4/16/2021,46,12047,5,4262,41,7413,0,372,21,2043,25,5184,21,7227,California
Inyo,4/17/2021,2,12049,1,4263,1,7414,0,372,1,2043,1,5185,1,7228,California
Inyo,4/19/2021,129,12178,43,4306,86,7500,0,372,43,2000,86,5271,43,7271,California
Inyo,4/20/2021,162,12340,3,4309,159,7659,0,372,80,1998,82,5353,80,7351,California
Inyo,4/21/2021,114,12454,4,4313,110,7769,0,372,32,1948,82,5435,32,7383,California
Inyo,4/22/2021,196,12650,2,4315,194,7963,0,372,54,1860,142,5577,54,7437,California
Inyo,4/23/2021,10,12660,4,4319,6,7969,0,372,8,1866,2,5579,8,7445,California
Kern,12/15/2020,1,1,1,1,0,0,0,0,1,1,0,0,1,1,California
Kern,12/16/2020,18,19,18,19,0,0,0,0,18,19,0,0,18,19,California
Kern,12/17/2020,164,183,164,183,0,0,0,0,164,183,0,0,164,183,California
Kern,12/18/2020,320,503,320,503,0,0,0,0,320,503,0,0,320,503,California
Kern,12/19/2020,98,601,98,601,0,0,0,0,99,602,0,0,99,602,California
Kern,12/20/2020,61,662,61,662,0,0,0,0,61,663,0,0,61,663,California
Kern,12/21/2020,671,1333,670,1332,1,1,0,0,671,1334,0,0,671,1334,California
Kern,12/22/2020,530,1863,527,1859,3,4,0,0,530,1864,0,0,530,1864,California
Kern,12/23/2020,557,2420,418,2277,139,143,0,0,557,2421,0,0,557,2421,California
Kern,12/24/2020,122,2542,43,2320,79,222,0,0,122,2543,0,0,122,2543,California
Kern,12/25/2020,1,2543,1,2321,0,222,0,0,1,2544,0,0,1,2544,California
Kern,12/26/2020,33,2576,1,2322,32,254,0,0,33,2577,0,0,33,2577,California
Kern,12/27/2020,35,2611,3,2325,32,286,0,0,35,2612,0,0,35,2612,California
Kern,12/28/2020,824,3435,660,2985,164,450,0,0,824,3436,0,0,824,3436,California
Kern,12/29/2020,746,4181,453,3438,293,743,0,0,745,4180,1,1,745,4181,California
Kern,12/30/2020,1200,5381,908,4346,292,1035,0,0,1200,5380,0,1,1200,5381,California
Kern,12/31/2020,277,5658,99,4445,178,1213,0,0,277,5657,0,1,277,5658,California
Kern,1/1/2021,12,5670,6,4451,6,1219,0,0,12,5669,0,1,12,5670,California
Kern,1/2/2021,78,5748,18,4469,60,1279,0,0,78,5747,0,1,78,5748,California
Kern,1/3/2021,23,5771,4,4473,19,1298,0,0,23,5770,0,1,23,5771,California
Kern,1/4/2021,553,6324,360,4833,193,1491,0,0,553,6323,0,1,553,6324,California
Kern,1/5/2021,1132,7456,738,5571,394,1885,0,0,1120,7431,12,13,1120,7444,California
Kern,1/6/2021,1166,8622,455,6026,711,2596,0,0,1136,8537,30,43,1136,8580,California
Kern,1/7/2021,1406,10028,494,6520,912,3508,0,0,1237,9606,168,211,1237,9817,California
Kern,1/8/2021,1628,11656,767,7287,861,4369,0,0,1331,10640,298,509,1332,11149,California
Kern,1/9/2021,225,11881,76,7363,149,4518,0,0,191,10797,34,543,191,11340,California
Kern,1/10/2021,194,12075,147,7510,47,4565,0,0,153,10909,41,584,153,11493,California
Kern,1/11/2021,1555,13630,983,8493,572,5137,0,0,1000,11354,555,1139,1000,12493,California
Kern,1/12/2021,1869,15499,809,9302,1060,6197,0,0,1359,12203,510,1649,1359,13852,California
Kern,1/13/2021,1855,17354,869,10171,986,7183,0,0,1433,13214,422,2071,1433,15285,California
Kern,1/14/2021,2181,19535,645,10816,1536,8719,0,0,2136,15304,46,2117,2136,17421,California
Kern,1/15/2021,2702,22237,857,11673,1845,10564,0,0,2605,17815,95,2212,2606,20027,California
Kern,1/16/2021,670,22907,212,11885,458,11022,0,0,636,18417,34,2246,636,20663,California
Kern,1/17/2021,72,22979,7,11892,65,11087,0,0,70,18485,2,2248,70,20733,California
Kern,1/18/2021,1643,24622,658,12550,985,12072,0,0,1474,19790,169,2417,1474,22207,California
Kern,1/19/2021,1852,26474,1031,13581,821,12893,0,0,1384,20707,468,2885,1385,23592,California
Kern,1/20/2021,2444,28918,1510,15091,934,13827,0,0,1821,21912,618,3503,1823,25415,California
Kern,1/21/2021,2163,31081,919,16010,1244,15071,0,0,1967,23684,195,3698,1967,27382,California
Kern,1/22/2021,2706,33787,1289,17299,1417,16488,0,0,2430,25840,274,3972,2430,29812,California
Kern,1/23/2021,1245,35032,534,17833,711,17199,0,0,1199,26993,46,4018,1199,31011,California
Kern,1/24/2021,159,35191,18,17851,141,17340,0,0,154,27142,5,4023,154,31165,California
Kern,1/25/2021,2383,37574,1084,18935,1299,18639,0,0,1900,28561,482,4505,1901,33066,California
Kern,1/26/2021,2764,40338,1125,20060,1639,20278,0,0,1908,29614,855,5360,1908,34974,California
Kern,1/27/2021,3557,43895,1902,21962,1655,21933,0,0,2857,31774,697,6057,2857,37831,California
Kern,1/28/2021,2860,46755,1351,23313,1509,23442,0,0,2428,33777,428,6485,2431,40262,California
Kern,1/29/2021,3766,50521,1801,25114,1965,25407,0,0,3224,36462,539,7024,3224,43486,California
Kern,1/30/2021,1323,51844,496,25610,827,26234,0,0,1276,37693,45,7069,1276,44762,California
Kern,1/31/2021,402,52246,275,25885,127,26361,0,0,267,37825,135,7204,267,45029,California
Kern,2/1/2021,2407,54653,818,26703,1589,27950,0,0,1857,39136,547,7751,1858,46887,California
Kern,2/2/2021,2922,57575,973,27676,1949,29899,0,0,2059,40333,863,8614,2060,48947,California
Kern,2/3/2021,3652,61227,1548,29224,2104,32003,0,0,2686,42060,959,9573,2686,51633,California
Kern,2/4/2021,3800,65027,1450,30674,2350,34353,0,0,2585,43441,1204,10777,2585,54218,California
Kern,2/5/2021,4849,69876,1990,32664,2859,37212,0,0,3091,44793,1739,12516,3091,57309,California
Kern,2/6/2021,1735,71611,766,33430,969,38181,0,0,1512,46085,220,12736,1512,58821,California
Kern,2/7/2021,282,71893,149,33579,133,38314,0,0,266,46337,14,12750,266,59087,California
Kern,2/8/2021,2562,74455,788,34367,1774,40088,0,0,1257,46308,1287,14037,1258,60345,California
Kern,2/9/2021,3036,77491,985,35352,2051,42139,0,0,1466,46211,1563,15600,1466,61811,California
Kern,2/10/2021,3782,81273,1656,37008,2126,44265,0,0,1895,46236,1871,17471,1896,63707,California
Kern,2/11/2021,4257,85530,1538,38546,2719,46984,0,0,2229,46450,2015,19486,2229,65936,California
Kern,2/12/2021,4947,90477,1890,40436,3057,50041,0,0,2482,46481,2451,21937,2482,68418,California
Kern,2/13/2021,2009,92486,726,41162,1283,51324,0,0,1166,46806,841,22778,1166,69584,California
Kern,2/14/2021,349,92835,12,41174,337,51661,0,0,269,46996,79,22857,269,69853,California
Kern,2/15/2021,2738,95573,889,42063,1849,53510,0,0,1209,46684,1521,24378,1209,71062,California
Kern,2/16/2021,2946,98519,719,42782,2227,55737,0,0,1656,47061,1280,25658,1657,72719,California
Kern,2/17/2021,4063,102582,2074,44856,1989,57726,0,0,1929,46862,2129,27787,1930,74649,California
Kern,2/18/2021,3749,106331,1476,46332,2273,59999,0,0,1618,46362,2118,29905,1618,76267,California
Kern,2/19/2021,4195,110526,1916,48248,2279,62278,0,0,1739,45653,2448,32353,1739,78006,California
Kern,2/20/2021,2572,113098,968,49216,1604,63882,0,0,1340,45764,1229,33582,1340,79346,California
Kern,2/21/2021,247,113345,141,49357,106,63988,0,0,86,45691,159,33741,86,79432,California
Kern,2/22/2021,2655,116000,1148,50505,1507,65495,0,0,1424,45889,1226,34967,1424,80856,California
Kern,2/23/2021,3537,119537,1119,51624,2418,67913,0,0,1975,46305,1560,36527,1976,82832,California
Kern,2/24/2021,5155,124692,2265,53889,2890,70803,0,0,3073,47300,2078,38605,3073,85905,California
Kern,2/25/2021,5351,130043,2445,56334,2906,73709,0,0,3175,48317,2158,40763,3175,89080,California
Kern,2/26/2021,6882,136925,3518,59852,3364,77073,0,0,4356,50155,2519,43282,4357,93437,California
Kern,2/27/2021,3852,140777,1892,61744,1960,79033,0,0,2518,51346,1327,44609,2518,95955,California
Kern,2/28/2021,905,141682,497,62241,408,79441,0,0,689,51821,214,44823,689,96644,California
Kern,3/1/2021,3981,145663,1804,64045,2176,81617,1,1,2690,53229,1283,46106,2691,99335,California
Kern,3/2/2021,4366,150029,1372,65417,2993,84610,1,2,2863,54600,1492,47598,2863,102198,California
Kern,3/3/2021,5763,155792,2681,68098,3082,87692,0,2,3677,56206,2072,49670,3678,105876,California
Kern,3/4/2021,5529,161321,2140,70238,3387,91079,2,4,3541,57773,1975,51645,3542,109418,California
Kern,3/5/2021,6455,167776,2664,72902,3774,94853,17,21,4037,59416,2411,54056,4054,113472,California
Kern,3/6/2021,4709,172485,1910,74812,2698,97551,101,122,3445,61705,1256,55312,3545,117017,California
Kern,3/7/2021,2041,174526,1584,76396,410,97961,47,169,1852,63416,188,55500,1899,118916,California
Kern,3/8/2021,2802,177328,851,77247,1738,99699,213,382,1457,63742,1342,56842,1668,120584,California
Kern,3/9/2021,3618,180946,784,78031,2451,102150,383,765,2226,64962,1387,58229,2607,123191,California
Kern,3/10/2021,6013,186959,2460,80491,2482,104632,1071,1836,3497,67024,2505,60734,4567,127758,California
Kern,3/11/2021,6275,193234,2400,82891,2849,107481,1026,2862,3725,69234,2539,63273,4749,132507,California
Kern,3/12/2021,7654,200888,2918,85809,3385,110866,1351,4213,4150,71232,3494,66767,5492,137999,California
Kern,3/13/2021,4422,205310,2300,88109,1787,112653,335,4548,3004,73152,1413,68180,3333,141332,California
Kern,3/14/2021,2261,207571,1413,89522,610,113263,238,4786,1747,74622,512,68692,1982,143314,California
Kern,3/15/2021,4234,211805,1079,90601,2442,115705,713,5499,2172,75454,2050,70742,2882,146196,California
Kern,3/16/2021,4305,216110,1000,91601,2777,118482,528,6027,2310,76303,1986,72728,2835,149031,California
Kern,3/17/2021,7215,223325,3795,95396,2863,121345,557,6584,4285,78224,2920,75648,4841,153872,California
Kern,3/18/2021,6948,230273,3378,98774,2991,124336,579,7163,4127,80124,2803,78451,4703,158575,California
Kern,3/19/2021,8699,238972,4747,103521,3303,127639,649,7812,4513,81108,4172,82623,5156,163731,California
Kern,3/20/2021,5934,244906,3587,107108,2174,129813,173,7985,3812,82981,2113,84736,3986,167717,California
Kern,3/21/2021,2859,247765,1747,108855,235,130048,877,8862,1681,84365,1174,85910,2558,170275,California
Kern,3/22/2021,3910,251675,1517,110372,2037,132085,356,9218,1898,84615,2004,87914,2254,172529,California
Kern,3/23/2021,4614,256289,1641,112013,2794,134879,179,9397,2453,85112,2132,90046,2629,175158,California
Kern,3/24/2021,6965,263254,3498,115511,2994,137873,473,9870,3650,85932,3301,93347,4121,179279,California
Kern,3/25/2021,6605,269859,2876,118387,3402,141275,327,10197,3279,86226,3311,96658,3605,182884,California
Kern,3/26/2021,9396,279255,4135,122522,4005,145280,1256,11453,4649,87398,4732,101390,5904,188788,California
Kern,3/27/2021,5437,284692,3738,126260,1573,146853,126,11579,3302,88695,2131,103521,3428,192216,California
Kern,3/28/2021,4281,288973,3797,130057,470,147323,14,11593,2736,89901,1544,105065,2750,194966,California
Kern,3/29/2021,4171,293144,1623,131680,2270,149593,278,11871,2605,91228,1555,106620,2882,197848,California
Kern,3/30/2021,5412,298556,1804,133484,3302,152895,306,12177,3061,92248,2346,108966,3366,201214,California
Kern,3/31/2021,8041,306597,4235,137719,3162,156057,644,12821,4283,93425,3749,112715,4926,206140,California
Kern,4/1/2021,7572,314169,3627,141346,3651,159708,294,13115,4089,94334,3472,116187,4381,210521,California
Kern,4/2/2021,8112,322281,4181,145527,3327,163035,604,13719,4074,94985,4024,120211,4675,215196,California
Kern,4/3/2021,5666,327947,3374,148901,2111,165146,181,13900,2579,94667,3076,123287,2758,217954,California
Kern,4/4/2021,1331,329278,867,149768,380,165526,84,13984,550,94523,778,124065,634,218588,California
Kern,4/5/2021,5287,334565,2178,151946,2348,167874,761,14745,2847,95700,2429,126494,3606,222194,California
Kern,4/6/2021,6769,341334,2431,154377,3127,171001,1211,15956,3567,97292,3185,129679,4777,226971,California
Kern,4/7/2021,9205,350539,5367,159744,2887,173888,951,16907,4629,98309,4562,134241,5579,232550,California
Kern,4/8/2021,8549,359088,4728,164472,2925,176813,896,17803,3921,98517,4609,138850,4817,237367,California
Kern,4/9/2021,9791,368879,5079,169551,3731,180544,981,18784,4368,98461,5403,144253,5347,242714,California
Kern,4/10/2021,6522,375401,3430,172981,1855,182399,1237,20021,2308,97793,4207,148460,3539,246253,California
Kern,4/11/2021,3761,379162,2888,175869,356,182755,517,20538,1426,97409,2325,150785,1941,248194,California
Kern,4/12/2021,4301,383463,978,176847,2358,185113,965,21503,1558,97200,2731,153516,2522,250716,California
Kern,4/13/2021,4209,387672,1408,178255,2776,187889,25,21528,2114,97255,2085,155601,2140,252856,California
Kern,4/14/2021,5917,393589,2947,181202,2948,190837,22,21550,3036,97447,2865,158466,3057,255913,California
Kern,4/15/2021,5128,398717,2434,183636,2692,193529,2,21552,2491,97314,2626,161092,2493,258406,California
Kern,4/16/2021,6720,405437,3399,187035,3321,196850,0,21552,3016,96648,3683,164775,3017,261423,California
Kern,4/17/2021,5890,411327,3847,190882,2043,198893,0,21552,2256,95283,3622,168397,2257,263680,California
Kern,4/18/2021,3608,414935,3372,194254,236,199129,0,21552,1067,93814,2536,170933,1067,264747,California
Kern,4/19/2021,3704,418639,1720,195974,1983,201112,1,21553,1407,92942,2279,173212,1407,266154,California
Kern,4/20/2021,4179,422818,1503,197477,2675,203787,1,21554,1608,91995,2557,175769,1610,267764,California
Kern,4/21/2021,5583,428401,2989,200466,2590,206377,4,21558,2184,90802,3380,179149,2187,269951,California
Kern,4/22/2021,4195,432596,2268,202734,1927,208304,0,21558,1549,89725,2628,181777,1551,271502,California
Kern,4/23/2021,3680,436276,2470,205204,1210,209514,0,21558,1204,88475,2455,184232,1205,272707,California
Kings,12/16/2020,1,1,1,1,0,0,0,0,1,1,0,0,1,1,California
Kings,12/17/2020,8,9,8,9,0,0,0,0,8,9,0,0,8,9,California
Kings,12/18/2020,12,21,12,21,0,0,0,0,12,21,0,0,12,21,California
Kings,12/19/2020,11,32,11,32,0,0,0,0,11,32,0,0,11,32,California
Kings,12/20/2020,13,45,13,45,0,0,0,0,13,45,0,0,13,45,California
Kings,12/21/2020,156,201,156,201,0,0,0,0,271,316,0,0,271,316,California
Kings,12/22/2020,143,344,143,344,0,0,0,0,140,456,0,0,140,456,California
Kings,12/23/2020,134,478,122,466,12,12,0,0,135,591,0,0,135,591,California
Kings,12/24/2020,11,489,9,475,2,14,0,0,11,602,0,0,11,602,California
Kings,12/26/2020,7,496,4,479,3,17,0,0,7,609,0,0,7,609,California
Kings,12/27/2020,4,500,4,483,0,17,0,0,4,613,0,0,4,613,California
Kings,12/28/2020,131,631,103,586,28,45,0,0,132,745,0,0,132,745,California
Kings,12/29/2020,78,709,51,637,27,72,0,0,79,824,0,0,79,824,California
Kings,12/30/2020,147,856,108,745,39,111,0,0,147,971,0,0,147,971,California
Kings,12/31/2020,44,900,6,751,38,149,0,0,44,1015,0,0,44,1015,California
Kings,1/1/2021,1,901,0,751,1,150,0,0,1,1016,0,0,1,1016,California
Kings,1/2/2021,10,911,9,760,1,151,0,0,10,1026,0,0,10,1026,California
Kings,1/4/2021,112,1023,42,802,70,221,0,0,112,1138,0,0,112,1138,California
Kings,1/5/2021,196,1219,39,841,157,378,0,0,196,1334,0,0,196,1334,California
Kings,1/6/2021,276,1495,177,1018,99,477,0,0,273,1604,3,3,273,1607,California
Kings,1/7/2021,178,1673,81,1099,97,574,0,0,170,1766,8,11,170,1777,California
Kings,1/8/2021,247,1920,54,1153,193,767,0,0,228,1975,19,30,228,2005,California
Kings,1/9/2021,63,1983,9,1162,54,821,0,0,55,2022,8,38,55,2060,California
Kings,1/10/2021,15,1998,3,1165,12,833,0,0,12,2031,3,41,12,2072,California
Kings,1/11/2021,520,2518,356,1521,164,997,0,0,276,2064,244,285,277,2349,California
Kings,1/12/2021,350,2868,253,1774,97,1094,0,0,216,2149,131,416,216,2565,California
Kings,1/13/2021,414,3282,267,2041,147,1241,0,0,323,2381,91,507,323,2888,California
Kings,1/14/2021,208,3490,31,2072,177,1418,0,0,198,2559,21,528,199,3087,California
Kings,1/15/2021,415,3905,29,2101,386,1804,0,0,403,2950,12,540,403,3490,California
Kings,1/16/2021,31,3936,12,2113,19,1823,0,0,30,2979,1,541,30,3520,California
Kings,1/17/2021,8,3944,5,2118,3,1826,0,0,6,2983,2,543,6,3526,California
Kings,1/18/2021,172,4116,40,2158,132,1958,0,0,146,3103,26,569,146,3672,California
Kings,1/19/2021,376,4492,158,2316,218,2176,0,0,248,3223,128,697,248,3920,California
Kings,1/20/2021,224,4716,134,2450,90,2266,0,0,119,3241,101,798,119,4039,California
Kings,1/21/2021,186,4902,32,2482,154,2420,0,0,172,3397,16,814,172,4211,California
Kings,1/22/2021,125,5027,38,2520,87,2507,0,0,125,3517,5,819,125,4336,California
Kings,1/23/2021,26,5053,14,2534,12,2519,0,0,20,3531,6,825,20,4356,California
Kings,1/24/2021,4,5057,4,2538,0,2519,0,0,2,3531,2,827,2,4358,California
Kings,1/25/2021,124,5181,26,2564,98,2617,0,0,90,3587,34,861,90,4448,California
Kings,1/26/2021,154,5335,35,2599,119,2736,0,0,115,3663,39,900,115,4563,California
Kings,1/27/2021,319,5654,34,2633,285,3021,0,0,249,3843,69,969,249,4812,California
Kings,1/28/2021,324,5978,46,2679,278,3299,0,0,270,4059,54,1023,270,5082,California
Kings,1/29/2021,86,6064,26,2705,60,3359,0,0,69,4111,17,1040,69,5151,California
Kings,1/30/2021,1555,7619,31,2736,1524,4883,0,0,1552,5662,3,1043,1554,6705,California
Kings,2/1/2021,199,7818,64,2800,135,5018,0,0,72,5609,125,1168,72,6777,California
Kings,2/2/2021,226,8044,14,2814,212,5230,0,0,82,5548,143,1311,82,6859,California
Kings,2/3/2021,357,8401,191,3005,166,5396,0,0,203,5598,153,1464,203,7062,California
Kings,2/4/2021,395,8796,98,3103,297,5693,0,0,199,5602,195,1659,199,7261,California
Kings,2/5/2021,256,9052,14,3117,242,5935,0,0,101,5550,153,1812,101,7362,California
Kings,2/6/2021,60,9112,10,3127,50,5985,0,0,27,5544,33,1845,27,7389,California
Kings,2/7/2021,5,9117,3,3130,2,5987,0,0,3,5545,2,1847,3,7392,California
Kings,2/8/2021,170,9287,29,3159,141,6128,0,0,68,5511,102,1949,68,7460,California
Kings,2/9/2021,253,9540,57,3216,196,6324,0,0,110,5480,141,2090,110,7570,California
Kings,2/10/2021,286,9826,112,3328,174,6498,0,0,173,5540,113,2203,173,7743,California
Kings,2/11/2021,429,10255,65,3393,364,6862,0,0,318,5748,110,2313,318,8061,California
Kings,2/12/2021,610,10865,36,3429,574,7436,0,0,339,5816,271,2584,339,8400,California
Kings,2/13/2021,103,10968,6,3435,97,7533,0,0,78,5869,25,2609,78,8478,California
Kings,2/14/2021,102,11070,4,3439,98,7631,0,0,94,5955,8,2617,94,8572,California
Kings,2/15/2021,246,11316,5,3444,241,7872,0,0,137,5984,108,2725,137,8709,California
Kings,2/16/2021,484,11800,33,3477,451,8323,0,0,250,6001,233,2958,250,8959,California
Kings,2/17/2021,378,12178,22,3499,356,8679,0,0,241,6106,137,3095,242,9201,California
Kings,2/18/2021,154,12332,22,3521,132,8811,0,0,98,6148,56,3151,98,9299,California
Kings,2/19/2021,157,12489,22,3543,135,8946,0,0,101,6196,53,3204,101,9400,California
Kings,2/20/2021,171,12660,40,3583,131,9077,0,0,134,6293,37,3241,134,9534,California
Kings,2/21/2021,3,12663,2,3585,1,9078,0,0,3,6296,0,3241,3,9537,California
Kings,2/22/2021,110,12773,19,3604,91,9169,0,0,51,6288,59,3300,51,9588,California
Kings,2/23/2021,295,13068,69,3673,226,9395,0,0,178,6349,117,3417,178,9766,California
Kings,2/24/2021,591,13659,153,3826,438,9833,0,0,379,6516,212,3629,379,10145,California
Kings,2/25/2021,661,14320,112,3938,549,10382,0,0,443,6743,216,3845,443,10588,California
Kings,2/26/2021,657,14977,129,4067,528,10910,0,0,594,7275,62,3907,594,11182,California
Kings,2/27/2021,1497,16474,62,4129,1435,12345,0,0,564,6907,932,4839,564,11746,California
Kings,2/28/2021,1169,17643,594,4723,575,12920,0,0,671,7083,495,5334,671,12417,California
Kings,3/1/2021,256,17899,77,4800,179,13099,0,0,211,7249,45,5379,211,12628,California
Kings,3/2/2021,469,18368,205,5005,264,13363,0,0,419,7619,50,5429,420,13048,California
Kings,3/3/2021,617,18985,294,5299,323,13686,0,0,430,7863,186,5615,430,13478,California
Kings,3/4/2021,712,19697,341,5640,371,14057,0,0,617,8386,95,5710,618,14096,California
Kings,3/5/2021,1006,20703,349,5989,648,14705,9,9,890,9170,116,5826,900,14996,California
Kings,3/6/2021,509,21212,183,6172,313,15018,13,22,480,9634,29,5855,493,15489,California
Kings,3/7/2021,366,21578,225,6397,137,15155,4,26,358,9988,8,5863,362,15851,California
Kings,3/8/2021,349,21927,97,6494,199,15354,53,79,240,10171,109,5972,292,16143,California
Kings,3/9/2021,515,22442,238,6732,222,15576,55,134,410,10532,105,6077,466,16609,California
Kings,3/10/2021,501,22943,123,6855,287,15863,91,225,319,10760,181,6258,409,17018,California
Kings,3/11/2021,1017,23960,305,7160,602,16465,110,335,612,11079,403,6661,722,17740,California
Kings,3/12/2021,1286,25246,391,7551,801,17266,94,429,885,11660,400,7061,981,18721,California
Kings,3/13/2021,672,25918,332,7883,296,17562,44,473,545,12123,127,7188,590,19311,California
Kings,3/14/2021,671,26589,101,7984,184,17746,386,859,200,12238,471,7659,586,19897,California
Kings,3/15/2021,627,27216,192,8176,320,18066,115,974,391,12511,235,7894,508,20405,California
Kings,3/16/2021,1039,28255,439,8615,539,18605,61,1035,703,12939,336,8230,764,21169,California
Kings,3/17/2021,1085,29340,415,9030,609,19214,61,1096,768,13458,317,8547,836,22005,California
Kings,3/18/2021,1098,30438,466,9496,410,19624,222,1318,766,14118,331,8878,991,22996,California
Kings,3/19/2021,931,31369,468,9964,378,20002,85,1403,714,14713,217,9095,812,23808,California
Kings,3/20/2021,622,31991,255,10219,337,20339,30,1433,449,15028,171,9266,486,24294,California
Kings,3/21/2021,1400,33391,1085,11304,304,20643,11,1444,847,15333,553,9819,858,25152,California
Kings,3/22/2021,449,33840,202,11506,163,20806,84,1528,275,15522,174,9993,363,25515,California
Kings,3/23/2021,896,34736,492,11998,341,21147,63,1591,575,15844,319,10312,641,26156,California
Kings,3/24/2021,914,35650,474,12472,417,21564,23,1614,510,15977,402,10714,535,26691,California
Kings,3/25/2021,884,36534,440,12912,418,21982,26,1640,443,16007,439,11153,469,27160,California
Kings,3/26/2021,1280,37814,374,13286,821,22803,85,1725,527,15871,748,11901,612,27772,California
Kings,3/27/2021,616,38430,245,13531,359,23162,12,1737,170,15609,444,12345,182,27954,California
Kings,3/28/2021,547,38977,476,14007,64,23226,7,1744,342,15761,205,12550,357,28311,California
Kings,3/29/2021,456,39433,201,14208,195,23421,60,1804,251,15868,203,12753,310,28621,California
Kings,3/30/2021,824,40257,452,14660,334,23755,38,1842,415,15913,408,13161,453,29074,California
Kings,3/31/2021,718,40975,371,15031,283,24038,64,1906,416,16098,295,13456,480,29554,California
Kings,4/1/2021,747,41722,375,15406,293,24331,79,1985,342,16120,399,13855,421,29975,California
Kings,4/2/2021,969,42691,419,15825,428,24759,122,2107,425,16126,540,14395,546,30521,California
Kings,4/3/2021,471,43162,327,16152,136,24895,8,2115,159,15989,306,14701,169,30690,California
Kings,4/4/2021,156,43318,82,16234,68,24963,6,2121,44,15928,111,14812,50,30740,California
Kings,4/5/2021,1036,44354,320,16554,466,25429,250,2371,253,15649,782,15594,503,31243,California
Kings,4/6/2021,1173,45527,446,17000,420,25849,307,2678,292,15369,878,16472,598,31841,California
Kings,4/7/2021,1335,46862,637,17637,514,26363,184,2862,411,15042,922,17394,595,32436,California
Kings,4/8/2021,1592,48454,627,18264,713,27076,252,3114,363,14435,1222,18616,615,33051,California
Kings,4/9/2021,1099,49553,523,18787,402,27478,174,3288,235,13980,862,19478,407,33458,California
Kings,4/10/2021,589,50142,328,19115,159,27637,102,3390,177,13848,411,19889,279,33737,California
Kings,4/11/2021,322,50464,74,19189,242,27879,6,3396,190,13912,132,20021,196,33933,California
Kings,4/12/2021,683,51147,307,19496,178,28057,198,3594,189,13807,492,20513,387,34320,California
Kings,4/13/2021,872,52019,502,19998,370,28427,0,3594,283,13507,588,21101,288,34608,California
Kings,4/14/2021,1016,53035,562,20560,454,28881,0,3594,368,13228,648,21749,369,34977,California
Kings,4/15/2021,1014,54049,495,21055,518,29399,1,3595,452,13120,561,22310,453,35430,California
Kings,4/16/2021,752,54801,351,21406,401,29800,0,3595,264,12897,487,22797,264,35694,California
Kings,4/17/2021,452,55253,241,21647,211,30011,0,3595,198,12842,253,23050,198,35892,California
Kings,4/18/2021,547,55800,237,21884,310,30321,0,3595,69,12433,478,23528,69,35961,California
Kings,4/19/2021,523,56323,288,22172,233,30554,2,3597,285,12482,236,23764,285,36246,California
Kings,4/20/2021,723,57046,438,22610,285,30839,0,3597,241,12243,480,24244,241,36487,California
Kings,4/21/2021,628,57674,303,22913,325,31164,0,3597,221,12062,402,24646,221,36708,California
Kings,4/22/2021,539,58213,277,23190,262,31426,0,3597,197,11922,338,24984,198,36906,California
Kings,4/23/2021,346,58559,53,23243,293,31719,0,3597,190,11960,152,25136,190,37096,California
Lake,12/17/2020,4,4,4,4,0,0,0,0,4,4,0,0,4,4,California
Lake,12/18/2020,51,55,51,55,0,0,0,0,51,55,0,0,51,55,California
Lake,12/19/2020,3,58,3,58,0,0,0,0,3,58,0,0,3,58,California
Lake,12/20/2020,6,64,6,64,0,0,0,0,6,64,0,0,6,64,California
Lake,12/21/2020,86,150,86,150,0,0,0,0,86,150,0,0,86,150,California
Lake,12/22/2020,63,213,60,210,3,3,0,0,63,213,0,0,63,213,California
Lake,12/23/2020,123,336,114,324,9,12,0,0,123,336,0,0,123,336,California
Lake,12/24/2020,2,338,0,324,2,14,0,0,2,338,0,0,2,338,California
Lake,12/26/2020,2,340,2,326,0,14,0,0,2,340,0,0,2,340,California
Lake,12/27/2020,2,342,2,328,0,14,0,0,2,342,0,0,2,342,California
Lake,12/28/2020,52,394,43,371,9,23,0,0,52,394,0,0,52,394,California
Lake,12/29/2020,49,443,44,415,5,28,0,0,49,443,0,0,49,443,California
Lake,12/30/2020,124,567,117,532,7,35,0,0,124,567,0,0,124,567,California
Lake,12/31/2020,67,634,64,596,3,38,0,0,67,634,0,0,67,634,California
Lake,1/1/2021,1,635,0,596,1,39,0,0,1,635,0,0,1,635,California
Lake,1/2/2021,2,637,1,597,1,40,0,0,2,637,0,0,2,637,California
Lake,1/4/2021,87,724,21,618,66,106,0,0,87,724,0,0,87,724,California
Lake,1/5/2021,119,843,59,677,60,166,0,0,117,839,2,2,117,841,California
Lake,1/6/2021,105,948,65,742,40,206,0,0,103,940,2,4,103,944,California
Lake,1/7/2021,104,1052,83,825,21,227,0,0,95,1026,9,13,95,1039,California
Lake,1/8/2021,152,1204,124,949,28,255,0,0,100,1074,52,65,100,1139,California
Lake,1/9/2021,63,1267,61,1010,2,257,0,0,59,1129,4,69,59,1198,California
Lake,1/10/2021,3,1270,3,1013,0,257,0,0,0,1126,3,72,0,1198,California
Lake,1/11/2021,192,1462,151,1164,41,298,0,0,112,1158,80,152,112,1310,California
Lake,1/12/2021,80,1542,48,1212,32,330,0,0,56,1190,24,176,56,1366,California
Lake,1/13/2021,164,1706,112,1324,52,382,0,0,107,1240,57,233,107,1473,California
Lake,1/14/2021,147,1853,46,1370,101,483,0,0,125,1343,22,255,125,1598,California
Lake,1/15/2021,215,2068,92,1462,123,606,0,0,188,1504,27,282,188,1786,California
Lake,1/16/2021,134,2202,81,1543,53,659,0,0,132,1634,2,284,132,1918,California
Lake,1/17/2021,18,2220,6,1549,12,671,0,0,12,1640,6,290,12,1930,California
Lake,1/18/2021,244,2464,224,1773,20,691,0,0,126,1648,118,408,126,2056,California
Lake,1/19/2021,311,2775,117,1890,194,885,0,0,266,1870,45,453,267,2323,California
Lake,1/20/2021,421,3196,80,1970,341,1226,0,0,357,2164,63,516,357,2680,California
Lake,1/21/2021,433,3629,49,2019,384,1610,0,0,398,2527,35,551,398,3078,California
Lake,1/22/2021,318,3947,46,2065,272,1882,0,0,282,2773,36,587,282,3360,California
Lake,1/23/2021,122,4069,5,2070,117,1999,0,0,121,2893,1,588,121,3481,California
Lake,1/24/2021,4,4073,1,2071,3,2002,0,0,4,2897,0,588,4,3485,California
Lake,1/25/2021,257,4330,95,2166,162,2164,0,0,176,2992,81,669,176,3661,California
Lake,1/26/2021,428,4758,36,2202,392,2556,0,0,405,3374,23,692,405,4066,California
Lake,1/27/2021,356,5114,39,2241,317,2873,0,0,329,3677,27,719,330,4396,California
Lake,1/28/2021,500,5614,160,2401,340,3213,0,0,372,3921,128,847,372,4768,California
Lake,1/29/2021,637,6251,83,2484,554,3767,0,0,577,4438,60,907,577,5345,California
Lake,1/30/2021,556,6807,45,2529,511,4278,0,0,550,4982,6,913,550,5895,California
Lake,1/31/2021,14,6821,8,2537,6,4284,0,0,12,4992,2,915,12,5907,California
Lake,2/1/2021,179,7000,18,2555,161,4445,0,0,166,5145,13,928,166,6073,California
Lake,2/2/2021,563,7563,153,2708,410,4855,0,0,398,5378,165,1093,398,6471,California
Lake,2/3/2021,445,8008,33,2741,412,5267,0,0,340,5613,105,1198,340,6811,California
Lake,2/4/2021,118,8126,68,2809,50,5317,0,0,72,5639,46,1244,72,6883,California
Lake,2/5/2021,377,8503,69,2878,308,5625,0,0,288,5840,87,1331,288,7171,California
Lake,2/6/2021,275,8778,40,2918,235,5860,0,0,264,6093,11,1342,264,7435,California
Lake,2/7/2021,2,8780,1,2919,1,5861,0,0,2,6095,0,1342,2,7437,California
Lake,2/8/2021,279,9059,206,3125,73,5934,0,0,160,6136,119,1461,160,7597,California
Lake,2/9/2021,347,9406,25,3150,322,6256,0,0,303,6396,43,1504,303,7900,California
Lake,2/10/2021,350,9756,54,3204,296,6552,0,0,274,6594,76,1580,274,8174,California
Lake,2/11/2021,169,9925,18,3222,151,6703,0,0,56,6537,113,1693,56,8230,California
Lake,2/12/2021,375,10300,28,3250,347,7050,0,0,289,6740,86,1779,289,8519,California
Lake,2/13/2021,249,10549,9,3259,240,7290,0,0,238,6967,11,1790,238,8757,California
Lake,2/14/2021,19,10568,4,3263,15,7305,0,0,6,6960,13,1803,6,8763,California
Lake,2/15/2021,172,10740,13,3276,159,7464,0,0,8,6805,163,1966,8,8771,California
Lake,2/16/2021,420,11160,22,3298,398,7862,0,0,174,6733,246,2212,174,8945,California
Lake,2/17/2021,351,11511,54,3352,297,8159,0,0,70,6523,280,2492,70,9015,California
Lake,2/18/2021,456,11967,69,3421,387,8546,0,0,114,6295,342,2834,114,9129,California
Lake,2/19/2021,414,12381,25,3446,389,8935,0,0,89,6059,325,3159,89,9218,California
Lake,2/20/2021,294,12675,60,3506,234,9169,0,0,251,6268,42,3201,251,9469,California
Lake,2/21/2021,6,12681,6,3512,0,9169,0,0,0,6262,6,3207,0,9469,California
Lake,2/22/2021,139,12820,23,3535,116,9285,0,0,43,6209,96,3303,43,9512,California
Lake,2/23/2021,212,13032,15,3550,197,9482,0,0,26,6049,186,3489,26,9538,California
Lake,2/24/2021,957,13989,379,3929,578,10060,0,0,419,5931,537,4026,419,9957,California
Lake,2/25/2021,732,14721,463,4392,269,10329,0,0,471,6143,259,4285,471,10428,California
Lake,2/26/2021,994,15715,304,4696,690,11019,0,0,348,5848,643,4928,348,10776,California
Lake,2/27/2021,410,16125,97,4793,313,11332,0,0,328,6094,82,5010,328,11104,California
Lake,2/28/2021,18,16143,12,4805,6,11338,0,0,10,6096,8,5018,10,11114,California
Lake,3/1/2021,594,16737,52,4857,542,11880,0,0,442,6386,152,5170,442,11556,California
Lake,3/2/2021,744,17481,18,4875,726,12606,0,0,291,6223,454,5624,291,11847,California
Lake,3/3/2021,359,17840,196,5071,163,12769,0,0,135,6134,224,5848,135,11982,California
Lake,3/4/2021,576,18416,508,5579,68,12837,0,0,562,6682,14,5862,562,12544,California
Lake,3/5/2021,1037,19453,40,5619,997,13834,0,0,174,5997,859,6721,174,12718,California
Lake,3/6/2021,36,19489,11,5630,24,13858,1,1,21,6004,15,6736,22,12740,California
Lake,3/7/2021,7,19496,5,5635,2,13860,0,1,4,6005,3,6739,4,12744,California
Lake,3/8/2021,338,19834,267,5902,62,13922,9,10,298,6272,40,6779,307,13051,California
Lake,3/9/2021,917,20751,29,5931,871,14793,17,27,392,6157,524,7303,409,13460,California
Lake,3/10/2021,202,20953,60,5991,129,14922,13,40,135,6238,67,7370,148,13608,California
Lake,3/11/2021,584,21537,47,6038,62,14984,475,515,49,6227,535,7905,524,14132,California
Lake,3/12/2021,858,22395,205,6243,629,15613,24,539,365,6124,492,8397,389,14521,California
Lake,3/13/2021,278,22673,21,6264,20,15633,237,776,16,6115,261,8658,252,14773,California
Lake,3/14/2021,11,22684,2,6266,9,15642,0,776,7,6118,4,8662,7,14780,California
Lake,3/15/2021,642,23326,14,6280,611,16253,17,793,483,6459,159,8821,500,15280,California
Lake,3/16/2021,1115,24441,836,7116,262,16515,17,810,450,6264,661,9482,466,15746,California
Lake,3/17/2021,246,24687,121,7237,103,16618,22,832,89,6218,157,9639,111,15857,California
Lake,3/18/2021,751,25438,373,7610,341,16959,37,869,374,6252,376,10015,410,16267,California
Lake,3/19/2021,581,26019,315,7925,246,17205,20,889,479,6650,101,10116,499,16766,California
Lake,3/20/2021,249,26268,8,7933,238,17443,3,892,30,6466,217,10333,33,16799,California
Lake,3/21/2021,17,26285,11,7944,5,17448,1,893,12,6474,5,10338,13,16812,California
Lake,3/22/2021,320,26605,240,8184,66,17514,14,907,235,6638,85,10423,249,17061,California
Lake,3/23/2021,416,27021,18,8202,385,17899,13,920,355,6946,60,10483,368,17429,California
Lake,3/24/2021,413,27434,61,8263,344,18243,8,928,317,7177,95,10578,326,17755,California
Lake,3/25/2021,658,28092,468,8731,184,18427,6,934,174,6873,484,11062,180,17935,California
Lake,3/26/2021,70,28162,32,8763,37,18464,1,935,48,6900,22,11084,49,17984,California
Lake,3/27/2021,309,28471,7,8770,299,18763,3,938,17,6630,290,11374,20,18004,California
Lake,3/28/2021,16,28487,7,8777,9,18772,0,938,10,6634,6,11380,10,18014,California
Lake,3/29/2021,899,29386,269,9046,628,19400,2,940,193,6125,704,12084,195,18209,California
Lake,3/30/2021,452,29838,304,9350,146,19546,2,942,366,6408,85,12169,368,18577,California
Lake,3/31/2021,582,30420,62,9412,519,20065,1,943,416,6667,158,12327,417,18994,California
Lake,4/1/2021,429,30849,224,9636,193,20258,12,955,181,6615,245,12572,193,19187,California
Lake,4/2/2021,224,31073,43,9679,153,20411,28,983,101,6621,123,12695,129,19316,California
Lake,4/3/2021,30,31103,7,9686,20,20431,3,986,11,6616,19,12714,14,19330,California
Lake,4/4/2021,20,31123,10,9696,8,20439,2,988,15,6628,5,12719,17,19347,California
Lake,4/5/2021,634,31757,69,9765,546,20985,19,1007,396,6807,235,12954,414,19761,California
Lake,4/6/2021,471,32228,15,9780,430,21415,26,1033,299,6961,171,13125,325,20086,California
Lake,4/7/2021,515,32743,55,9835,410,21825,50,1083,350,7198,163,13288,400,20486,California
Lake,4/8/2021,597,33340,485,10320,45,21870,67,1150,102,6875,492,13780,169,20655,California
Lake,4/9/2021,283,33623,44,10364,170,22040,69,1219,49,6762,231,14011,118,20773,California
Lake,4/10/2021,253,33876,15,10379,14,22054,224,1443,11,6755,242,14253,235,21008,California
Lake,4/11/2021,22,33898,17,10396,3,22057,2,1445,7,6749,15,14268,9,21017,California
Lake,4/12/2021,1066,34964,231,10627,803,22860,32,1477,248,6212,817,15085,280,21297,California
Lake,4/13/2021,180,35144,109,10736,71,22931,0,1477,53,6138,127,15212,53,21350,California
Lake,4/14/2021,606,35750,36,10772,570,23501,0,1477,546,6624,60,15272,546,21896,California
Lake,4/15/2021,622,36372,176,10948,446,23947,0,1477,315,6632,307,15579,315,22211,California
Lake,4/16/2021,255,36627,22,10970,232,24179,1,1478,67,6513,187,15766,68,22279,California
Lake,4/17/2021,38,36665,10,10980,28,24207,0,1478,28,6531,10,15776,28,22307,California
Lake,4/18/2021,8,36673,5,10985,3,24210,0,1478,0,6523,8,15784,0,22307,California
Lake,4/19/2021,297,36970,40,11025,257,24467,0,1478,246,6718,51,15835,246,22553,California
Lake,4/20/2021,687,37657,274,11299,413,24880,0,1478,112,6257,574,16409,113,22666,California
Lake,4/21/2021,521,38178,58,11357,463,25343,0,1478,194,6125,326,16735,194,22860,California
Lake,4/22/2021,416,38594,39,11396,377,25720,0,1478,275,6259,141,16876,275,23135,California
Lake,4/23/2021,48,38642,30,11426,18,25738,0,1478,34,6279,14,16890,34,23169,California
Lassen,12/16/2020,8,8,8,8,0,0,0,0,8,8,0,0,8,8,California
Lassen,12/17/2020,6,14,6,14,0,0,0,0,6,14,0,0,6,14,California
Lassen,12/18/2020,1,15,1,15,0,0,0,0,1,15,0,0,1,15,California
Lassen,12/19/2020,5,20,5,20,0,0,0,0,5,20,0,0,5,20,California
Lassen,12/20/2020,2,22,2,22,0,0,0,0,2,22,0,0,2,22,California
Lassen,12/21/2020,11,33,11,33,0,0,0,0,11,33,0,0,11,33,California
Lassen,12/22/2020,23,56,23,56,0,0,0,0,23,56,0,0,23,56,California
Lassen,12/23/2020,6,62,6,62,0,0,0,0,6,62,0,0,6,62,California
Lassen,12/24/2020,11,73,11,73,0,0,0,0,11,73,0,0,11,73,California
Lassen,12/28/2020,3,76,2,75,1,1,0,0,3,76,0,0,3,76,California
Lassen,12/29/2020,35,111,35,110,0,1,0,0,35,111,0,0,35,111,California
Lassen,12/30/2020,37,148,36,146,1,2,0,0,37,148,0,0,37,148,California
Lassen,12/31/2020,49,197,42,188,7,9,0,0,49,197,0,0,49,197,California
Lassen,1/2/2021,1,198,0,188,1,10,0,0,1,198,0,0,1,198,California
Lassen,1/4/2021,15,213,1,189,14,24,0,0,15,213,0,0,15,213,California
Lassen,1/5/2021,194,407,53,242,141,165,0,0,194,407,0,0,194,407,California
Lassen,1/6/2021,93,500,42,284,51,216,0,0,85,485,8,8,86,493,California
Lassen,1/7/2021,43,543,7,291,36,252,0,0,37,516,6,14,37,530,California
Lassen,1/8/2021,50,593,2,293,48,300,0,0,50,566,0,14,50,580,California
Lassen,1/9/2021,12,605,6,299,6,306,0,0,12,578,0,14,12,592,California
Lassen,1/11/2021,27,632,5,304,22,328,0,0,27,605,0,14,27,619,California
Lassen,1/12/2021,49,681,29,333,20,348,0,0,30,616,19,33,30,649,California
Lassen,1/13/2021,161,842,18,351,143,491,0,0,146,747,15,48,146,795,California
Lassen,1/14/2021,163,1005,18,369,145,636,0,0,151,886,12,60,151,946,California
Lassen,1/15/2021,33,1038,6,375,27,663,0,0,33,919,0,60,33,979,California
Lassen,1/16/2021,34,1072,33,408,1,664,0,0,34,953,0,60,34,1013,California
Lassen,1/17/2021,1,1073,0,408,1,665,0,0,1,954,0,60,1,1014,California
Lassen,1/18/2021,5,1078,2,410,3,668,0,0,4,957,1,61,4,1018,California
Lassen,1/19/2021,185,1263,36,446,149,817,0,0,157,1086,28,89,157,1175,California
Lassen,1/20/2021,188,1451,100,546,88,905,0,0,104,1121,69,158,104,1279,California
Lassen,1/21/2021,144,1595,93,639,51,956,0,0,120,1223,18,176,120,1399,California
Lassen,1/22/2021,31,1626,18,657,13,969,0,0,21,1234,10,186,21,1420,California
Lassen,1/23/2021,2,1628,0,657,2,971,0,0,2,1236,0,186,2,1422,California
Lassen,1/24/2021,1,1629,0,657,1,972,0,0,1,1237,0,186,1,1423,California
Lassen,1/25/2021,11,1640,0,657,11,983,0,0,11,1248,0,186,11,1434,California
Lassen,1/26/2021,126,1766,12,669,114,1097,0,0,122,1366,4,190,122,1556,California
Lassen,1/27/2021,85,1851,33,702,52,1149,0,0,69,1419,16,206,69,1625,California
Lassen,1/28/2021,85,1936,14,716,71,1220,0,0,84,1502,1,207,84,1709,California
Lassen,1/29/2021,23,1959,7,723,16,1236,0,0,22,1523,1,208,22,1731,California
Lassen,2/1/2021,62,2021,4,727,58,1294,0,0,36,1533,26,234,36,1767,California
Lassen,2/2/2021,177,2198,12,739,165,1459,0,0,44,1444,133,367,44,1811,California
Lassen,2/3/2021,96,2294,21,760,75,1534,0,0,51,1450,45,412,51,1862,California
Lassen,2/4/2021,112,2406,15,775,97,1631,0,0,63,1464,49,461,63,1925,California
Lassen,2/5/2021,65,2471,12,787,53,1684,0,0,23,1445,42,503,23,1948,California
Lassen,2/6/2021,70,2541,35,822,35,1719,0,0,37,1450,32,535,37,1985,California
Lassen,2/7/2021,2,2543,2,824,0,1719,0,0,2,1452,0,535,2,1987,California
Lassen,2/8/2021,43,2586,4,828,39,1758,0,0,18,1445,25,560,18,2005,California
Lassen,2/9/2021,129,2715,8,836,121,1879,0,0,50,1416,79,639,50,2055,California
Lassen,2/10/2021,182,2897,20,856,162,2041,0,0,75,1384,107,746,75,2130,California
Lassen,2/11/2021,184,3081,16,872,168,2209,0,0,80,1361,103,849,80,2210,California
Lassen,2/12/2021,42,3123,11,883,31,2240,0,0,14,1347,28,877,14,2224,California
Lassen,2/13/2021,11,3134,3,886,8,2248,0,0,9,1354,2,879,9,2233,California
Lassen,2/14/2021,13,3147,0,886,13,2261,0,0,12,1365,1,880,12,2245,California
Lassen,2/15/2021,21,3168,2,888,19,2280,0,0,17,1378,4,884,17,2262,California
Lassen,2/16/2021,192,3360,4,892,188,2468,0,0,31,1250,159,1043,31,2293,California
Lassen,2/17/2021,184,3544,94,986,90,2558,0,0,11,1088,173,1216,11,2304,California
Lassen,2/18/2021,79,3623,22,1008,57,2615,0,0,20,1049,59,1275,20,2324,California
Lassen,2/19/2021,82,3705,62,1070,20,2635,0,0,18,1003,64,1339,18,2342,California
Lassen,2/20/2021,7,3712,0,1070,7,2642,0,0,5,1006,2,1341,5,2347,California
Lassen,2/21/2021,22,3734,2,1072,20,2662,0,0,18,1020,4,1345,18,2365,California
Lassen,2/22/2021,23,3757,8,1080,15,2677,0,0,5,1007,18,1363,5,2370,California
Lassen,2/23/2021,153,3910,10,1090,143,2820,0,0,41,936,112,1475,41,2411,California
Lassen,2/24/2021,166,4076,17,1107,149,2969,0,0,108,987,57,1532,108,2519,California
Lassen,2/25/2021,156,4232,19,1126,137,3106,0,0,99,1029,57,1589,99,2618,California
Lassen,2/26/2021,73,4305,16,1142,57,3163,0,0,36,1028,37,1626,36,2654,California
Lassen,2/27/2021,8,4313,7,1149,1,3164,0,0,3,1026,5,1631,3,2657,California
Lassen,2/28/2021,6,4319,1,1150,5,3169,0,0,3,1026,3,1634,3,2660,California
Lassen,3/1/2021,41,4360,4,1154,37,3206,0,0,8,1001,33,1667,8,2668,California
Lassen,3/2/2021,107,4467,9,1163,98,3304,0,0,80,1054,27,1694,80,2748,California
Lassen,3/3/2021,170,4637,12,1175,158,3462,0,0,113,1110,57,1751,113,2861,California
Lassen,3/4/2021,147,4784,14,1189,133,3595,0,0,98,1160,48,1799,98,2959,California
Lassen,3/5/2021,47,4831,7,1196,17,3612,23,23,11,1158,36,1835,34,2993,California
Lassen,3/6/2021,55,4886,5,1201,28,3640,22,45,5,1135,50,1885,27,3020,California
Lassen,3/7/2021,56,4942,1,1202,0,3640,55,100,1,1136,55,1940,56,3076,California
Lassen,3/8/2021,90,5032,2,1204,8,3648,80,180,3,1133,86,2026,83,3159,California
Lassen,3/9/2021,137,5169,11,1215,109,3757,17,197,88,1190,49,2075,106,3265,California
Lassen,3/10/2021,173,5342,10,1225,162,3919,1,198,79,1177,93,2168,80,3345,California
Lassen,3/11/2021,185,5527,16,1241,162,4081,7,205,113,1228,69,2237,120,3465,California
Lassen,3/12/2021,35,5562,18,1259,13,4094,4,209,12,1221,23,2260,16,3481,California
Lassen,3/13/2021,49,5611,0,1259,3,4097,46,255,1,1219,48,2308,46,3527,California
Lassen,3/14/2021,14,5625,2,1261,11,4108,1,256,2,1210,12,2320,3,3530,California
Lassen,3/15/2021,32,5657,1,1262,31,4139,0,256,16,1210,16,2336,16,3546,California
Lassen,3/16/2021,93,5750,2,1264,85,4224,6,262,75,1273,18,2354,81,3627,California
Lassen,3/17/2021,1086,6836,9,1273,1072,5296,5,267,1066,2324,20,2374,1071,4698,California
Lassen,3/18/2021,95,6931,9,1282,85,5381,1,268,81,2392,14,2388,82,4780,California
Lassen,3/19/2021,17,6948,11,1293,2,5383,4,272,7,2393,10,2398,11,4791,California
Lassen,3/20/2021,28,6976,3,1296,22,5405,3,275,22,2412,6,2404,25,4816,California
Lassen,3/21/2021,34,7010,0,1296,34,5439,0,275,14,2407,19,2423,14,4830,California
Lassen,3/22/2021,57,7067,1,1297,56,5495,0,275,54,2458,3,2426,54,4884,California
Lassen,3/23/2021,117,7184,9,1306,107,5602,1,276,66,2474,51,2477,67,4951,California
Lassen,3/24/2021,212,7396,13,1319,199,5801,0,276,107,2477,104,2581,107,5058,California
Lassen,3/25/2021,151,7547,20,1339,131,5932,0,276,69,2464,82,2663,69,5127,California
Lassen,3/26/2021,77,7624,12,1351,26,5958,39,315,18,2462,59,2722,57,5184,California
Lassen,3/27/2021,20,7644,4,1355,1,5959,15,330,3,2463,17,2739,18,5202,California
Lassen,3/28/2021,18,7662,3,1358,5,5964,10,340,4,2463,14,2753,14,5216,California
Lassen,3/29/2021,52,7714,0,1358,27,5991,25,365,20,2477,31,2784,45,5261,California
Lassen,3/30/2021,198,7912,10,1368,163,6154,25,390,51,2406,147,2931,76,5337,California
Lassen,3/31/2021,146,8058,12,1380,112,6266,22,412,62,2406,84,3015,84,5421,California
Lassen,4/1/2021,166,8224,16,1396,131,6397,19,431,49,2358,116,3131,68,5489,California
Lassen,4/2/2021,29,8253,4,1400,3,6400,22,453,2,2355,27,3158,24,5513,California
Lassen,4/3/2021,12,8265,0,1400,2,6402,10,463,0,2353,12,3170,10,5523,California
Lassen,4/4/2021,7,8272,2,1402,0,6402,5,468,1,2353,6,3176,6,5529,California
Lassen,4/5/2021,23,8295,4,1406,12,6414,7,475,11,2360,11,3187,18,5547,California
Lassen,4/6/2021,183,8478,8,1414,145,6559,30,505,52,2311,131,3318,82,5629,California
Lassen,4/7/2021,135,8613,5,1419,93,6652,37,542,32,2279,103,3421,71,5700,California
Lassen,4/8/2021,169,8782,8,1427,105,6757,56,598,33,2236,132,3553,89,5789,California
Lassen,4/9/2021,52,8834,6,1433,11,6768,35,633,9,2237,42,3595,43,5832,California
Lassen,4/10/2021,9,8843,0,1433,2,6770,7,640,0,2236,8,3603,7,5839,California
Lassen,4/11/2021,5,8848,2,1435,0,6770,3,643,2,2238,3,3606,5,5844,California
Lassen,4/12/2021,25,8873,2,1437,10,6780,13,656,1,2228,24,3630,14,5858,California
Lassen,4/13/2021,129,9002,6,1443,123,6903,0,656,40,2180,88,3718,40,5898,California
Lassen,4/14/2021,986,9988,16,1459,970,7873,0,656,50,1295,935,4653,50,5948,California
Lassen,4/15/2021,147,10135,14,1473,133,8006,0,656,19,1186,128,4781,19,5967,California
Lassen,4/16/2021,10,10145,3,1476,7,8013,0,656,5,1186,5,4786,5,5972,California
Lassen,4/17/2021,24,10169,3,1479,21,8034,0,656,4,1170,20,4806,4,5976,California
Lassen,4/18/2021,5,10174,2,1481,3,8037,0,656,2,1169,3,4809,2,5978,California
Lassen,4/19/2021,32,10206,0,1481,32,8069,0,656,16,1169,16,4825,16,5994,California
Lassen,4/20/2021,133,10339,7,1488,126,8195,0,656,48,1132,85,4910,48,6042,California
Lassen,4/21/2021,137,10476,7,1495,128,8323,2,658,32,1060,104,5014,32,6074,California
Lassen,4/22/2021,39,10515,13,1508,26,8349,0,658,28,1077,11,5025,28,6102,California
Lassen,4/23/2021,16,10531,1,1509,14,8363,1,659,9,1079,7,5032,9,6111,California
Los Angeles,12/15/2020,391,391,391,391,0,0,0,0,391,391,0,0,391,391,California
Los Angeles,12/16/2020,3364,3755,3364,3755,0,0,0,0,3364,3755,0,0,3364,3755,California
Los Angeles,12/17/2020,10229,13984,10229,13984,0,0,0,0,10230,13985,0,0,10230,13985,California
Los Angeles,12/18/2020,14502,28486,14478,28462,24,24,0,0,14502,28487,0,0,14502,28487,California
Los Angeles,12/19/2020,7220,35706,7212,35674,8,32,0,0,7221,35708,0,0,7221,35708,California
Los Angeles,12/20/2020,4582,40288,4575,40249,7,39,0,0,4584,40292,0,0,4584,40292,California
Los Angeles,12/21/2020,13679,53967,13665,53914,14,53,0,0,13680,53971,1,1,13680,53972,California
Los Angeles,12/22/2020,11515,65482,11134,65048,381,434,0,0,11516,65486,1,2,11516,65488,California
Los Angeles,12/23/2020,11873,77355,10121,75169,1752,2186,0,0,11874,77360,0,2,11874,77362,California
Los Angeles,12/24/2020,7011,84366,4245,79414,2766,4952,0,0,7014,84374,0,2,7014,84376,California
Los Angeles,12/25/2020,524,84890,419,79833,105,5057,0,0,524,84898,0,2,524,84900,California
Los Angeles,12/26/2020,2523,87413,2178,82011,345,5402,0,0,2523,87420,1,3,2523,87423,California
Los Angeles,12/27/2020,1757,89170,1027,83038,730,6132,0,0,1757,89177,0,3,1757,89180,California
Los Angeles,12/28/2020,10264,99434,6366,89404,3898,10030,0,0,10262,99438,1,4,10262,99442,California
Los Angeles,12/29/2020,11581,111015,6064,95468,5517,15547,0,0,11583,111021,0,4,11583,111025,California
Los Angeles,12/30/2020,14847,125862,8079,103547,6768,22315,0,0,14846,125867,0,4,14846,125871,California
Los Angeles,12/31/2020,7911,133773,2749,106296,5162,27477,0,0,7909,133775,1,5,7909,133780,California
Los Angeles,1/1/2021,976,134749,263,106559,713,28190,0,0,976,134751,0,5,976,134756,California
Los Angeles,1/2/2021,4444,139193,1650,108209,2794,30984,0,0,4444,139195,0,5,4444,139200,California
Los Angeles,1/3/2021,927,140120,209,108418,718,31702,0,0,926,140120,1,6,926,140126,California
Los Angeles,1/4/2021,12662,152782,4851,113269,7811,39513,0,0,12648,152765,3,9,12648,152774,California
Los Angeles,1/5/2021,15970,168752,7053,120322,8917,48430,0,0,14071,164966,1872,1881,14073,166847,California
Los Angeles,1/6/2021,22488,191240,12046,132368,10442,58872,0,0,16904,176361,5516,7397,16911,183758,California
Los Angeles,1/7/2021,29331,220571,15792,148160,13539,72411,0,0,18842,184770,10444,17841,18853,202611,California
Los Angeles,1/8/2021,33042,253613,17880,166040,15162,87573,0,0,20840,193442,12176,30017,20848,223459,California
Los Angeles,1/9/2021,12339,265952,7062,173102,5277,92850,0,0,7479,196068,4859,34876,7485,230944,California
Los Angeles,1/10/2021,4646,270598,3626,176728,1020,93870,0,0,1919,195261,2727,37603,1920,232864,California
Los Angeles,1/11/2021,25761,296359,16226,192954,9535,103405,0,0,14834,199187,10916,48519,14842,247706,California
Los Angeles,1/12/2021,29188,325547,16064,209018,13124,116529,0,0,19063,208151,10107,58626,19071,266777,California
Los Angeles,1/13/2021,29222,354769,15606,224624,13616,130145,0,0,20287,219525,8918,67544,20292,287069,California
Los Angeles,1/14/2021,29211,383980,12702,237326,16509,146654,0,0,23714,237770,5478,73022,23723,310792,California
Los Angeles,1/15/2021,33746,417726,12335,249661,21411,168065,0,0,30179,264414,3542,76564,30186,340978,California
Los Angeles,1/16/2021,17545,435271,4963,254624,12582,180647,0,0,15767,278415,1770,78334,15771,356749,California
Los Angeles,1/17/2021,5181,440452,2301,256925,2880,183527,0,0,4936,283109,244,78578,4938,361687,California
Los Angeles,1/18/2021,15562,456014,10049,266974,5513,189040,0,0,10859,289279,4691,83269,10861,372548,California
Los Angeles,1/19/2021,38405,494419,20537,287511,17868,206908,0,0,30632,312186,7732,91001,30639,403187,California
Los Angeles,1/20/2021,45537,539956,23721,311232,21816,228724,0,0,38055,342797,7452,98453,38063,441250,California
Los Angeles,1/21/2021,48561,588517,22385,333617,26176,254900,0,0,44306,382923,4194,102647,44320,485570,California
Los Angeles,1/22/2021,47740,636257,22198,355815,25542,280442,0,0,44338,423911,3359,106006,44347,529917,California
Los Angeles,1/23/2021,33925,670182,15693,371508,18232,298674,0,0,31883,453795,2010,108016,31894,561811,California
Los Angeles,1/24/2021,15718,685900,12203,383711,3515,302189,0,0,15169,468423,542,108558,15170,576981,California
Los Angeles,1/25/2021,38624,724524,16391,400102,22233,324422,0,0,30173,490191,8422,116980,30190,607171,California
Los Angeles,1/26/2021,49148,773672,24387,424489,24761,349183,0,0,40994,523082,8121,125101,41012,648183,California
Los Angeles,1/27/2021,48367,822039,25769,450258,22598,371781,0,0,39205,553280,9027,134128,39225,687408,California
Los Angeles,1/28/2021,48453,870492,23052,473310,25401,397182,0,0,40090,585145,8244,142372,40109,727517,California
Los Angeles,1/29/2021,49158,919650,25351,498661,23807,420989,0,0,39137,614634,9670,152042,39159,766676,California
Los Angeles,1/30/2021,29946,949596,15382,514043,14564,435553,0,0,25822,636410,4049,156091,25825,792501,California
Los Angeles,1/31/2021,12987,962583,10355,524398,2632,438185,0,0,12069,647576,906,156997,12072,804573,California
Los Angeles,2/1/2021,37912,1000495,16130,540528,21782,459967,0,0,27678,665059,10204,167201,27687,832260,California
Los Angeles,2/2/2021,44128,1044623,17856,558384,26272,486239,0,0,31986,684943,12105,179306,31989,864249,California
Los Angeles,2/3/2021,51963,1096586,19444,577828,32519,518758,0,0,37313,707845,14417,193723,37319,901568,California
Los Angeles,2/4/2021,57097,1153683,20673,598501,36424,555182,0,0,39077,729219,17714,211437,39088,940656,California
Los Angeles,2/5/2021,61038,1214721,21004,619505,40034,595216,0,0,39221,747047,21399,232836,39227,979883,California
Los Angeles,2/6/2021,35432,1250153,13270,632775,22162,617378,0,0,27032,765773,8327,241163,27053,1006936,California
Los Angeles,2/7/2021,10778,1260931,8366,641141,2412,619790,0,0,8398,771811,2365,243528,8403,1015339,California
Los Angeles,2/8/2021,46660,1307591,21454,662595,25206,644996,0,0,30538,786360,15991,259519,30540,1045879,California
Los Angeles,2/9/2021,55667,1363258,24559,687154,31108,676104,0,0,28361,787486,27241,286760,28367,1074246,California
Los Angeles,2/10/2021,66773,1430031,29348,716502,37425,713529,0,0,30942,782974,35461,322221,30949,1105195,California
Los Angeles,2/11/2021,57887,1487918,30822,747324,27065,740594,0,0,28002,781530,29448,351669,28004,1133199,California
Los Angeles,2/12/2021,59428,1547346,29760,777084,29668,770262,0,0,25950,774348,33148,384817,25966,1159165,California
Los Angeles,2/13/2021,33765,1581111,19600,796684,14165,784427,0,0,15456,771614,18226,403043,15492,1174657,California
Los Angeles,2/14/2021,21856,1602967,14952,811636,6904,791331,0,0,8771,767363,13025,416068,8774,1183431,California
Los Angeles,2/15/2021,32360,1635327,15822,827458,16538,807869,0,0,17762,770591,14540,430608,17768,1201199,California
Los Angeles,2/16/2021,63867,1699194,32449,859907,31418,839287,0,0,29836,766487,33952,464560,29848,1231047,California
Los Angeles,2/17/2021,63882,1763076,34204,894111,29678,868965,0,0,26338,755451,37380,501940,26344,1257391,California
Los Angeles,2/18/2021,67926,1831002,34643,928754,33283,902248,0,0,28580,744868,39172,541112,28589,1285980,California
Los Angeles,2/19/2021,56903,1887905,34961,963715,21942,924190,0,0,28283,744638,28527,569639,28297,1314277,California
Los Angeles,2/20/2021,32055,1919960,23799,987514,8256,932446,0,0,15664,743958,16352,585991,15672,1329949,California
Los Angeles,2/21/2021,16573,1936533,14935,1002449,1638,934084,0,0,8464,744347,8078,594069,8467,1338416,California
Los Angeles,2/22/2021,34208,1970741,24913,1027362,9295,943379,0,0,17705,745631,16431,610500,17715,1356131,California
Los Angeles,2/23/2021,53422,2024163,22656,1050018,30766,974145,0,0,21060,734440,32262,642762,21071,1377202,California
Los Angeles,2/24/2021,63789,2087952,28012,1078030,35777,1009922,0,0,27983,726791,35649,678411,28000,1405202,California
Los Angeles,2/25/2021,73275,2161227,33653,1111683,39622,1049544,0,0,38530,730736,34596,713007,38541,1443743,California
Los Angeles,2/26/2021,82570,2243797,38498,1150181,44072,1093616,0,0,47307,743030,35040,748047,47334,1491077,California
Los Angeles,2/27/2021,58442,2302239,24829,1175010,33609,1127225,4,4,29867,744489,28435,776482,29894,1520971,California
Los Angeles,2/28/2021,26724,2328963,18450,1193460,8273,1135498,1,5,18828,755507,7818,784300,18836,1539807,California
Los Angeles,3/1/2021,55304,2384267,30973,1224433,24317,1159815,14,19,33536,767447,21625,805925,33565,1573372,California
Los Angeles,3/2/2021,70690,2454957,31303,1255736,39385,1199200,2,21,43191,783261,27388,833313,43202,1616574,California
Los Angeles,3/3/2021,81926,2536883,41004,1296740,40915,1240115,7,28,51421,804356,30355,863668,51450,1668024,California
Los Angeles,3/4/2021,88777,2625660,45595,1342335,43172,1283287,10,38,55885,827545,32722,896390,55911,1723935,California
Los Angeles,3/5/2021,87327,2712987,42540,1384875,44763,1328050,24,62,58234,856908,28927,925317,58290,1782225,California
Los Angeles,3/6/2021,65687,2778674,32859,1417734,31020,1359070,1808,1870,42189,877544,23367,948684,44003,1826228,California
Los Angeles,3/7/2021,25596,2804270,19258,1436992,5547,1364617,791,2661,19732,892224,5841,954525,20521,1846749,California
Los Angeles,3/8/2021,51183,2855453,26581,1463573,22665,1387282,1937,4598,38489,920046,12602,967127,40424,1887173,California
Los Angeles,3/9/2021,68424,2923877,26036,1489609,39121,1426403,3267,7865,40814,936652,27470,994597,44076,1931249,California
Los Angeles,3/10/2021,78539,3002416,37056,1526665,36840,1463243,4643,12508,49313,961494,29082,1023679,53924,1985173,California
Los Angeles,3/11/2021,91214,3093630,44333,1570998,40501,1503744,6380,18888,53540,983868,37515,1061194,59889,2045062,California
Los Angeles,3/12/2021,96409,3190039,42718,1613716,39983,1543727,13708,32596,56072,1013443,40165,1101359,69740,2114802,California
Los Angeles,3/13/2021,73446,3263485,33943,1647659,27627,1571354,11876,44472,43643,1039219,29705,1131064,55481,2170283,California
Los Angeles,3/14/2021,37944,3301429,25341,1673000,10193,1581547,2410,46882,25453,1054629,12435,1143499,27845,2198128,California
Los Angeles,3/15/2021,73294,3374723,35430,1708430,32552,1614099,5312,52194,44736,1076279,28388,1171887,50038,2248166,California
Los Angeles,3/16/2021,97701,3472424,41986,1750416,49975,1664074,5740,57934,63749,1111963,33779,1205666,69463,2317629,California
Los Angeles,3/17/2021,94830,3567254,42567,1792983,44080,1708154,8183,66117,63682,1152747,30978,1236644,71762,2389391,California
Los Angeles,3/18/2021,98199,3665453,46853,1839836,46174,1754328,5172,71289,62530,1185013,35424,1272068,67690,2457081,California
Los Angeles,3/19/2021,104967,3770420,54598,1894434,45710,1800038,4659,75948,65204,1215303,39536,1311604,69826,2526907,California
Los Angeles,3/20/2021,74139,3844559,36053,1930487,33834,1833872,4252,80200,51560,1248676,22428,1334032,55801,2582708,California
Los Angeles,3/21/2021,33487,3878046,24718,1955205,7926,1841798,843,81043,21769,1259657,11627,1345659,22608,2605316,California
Los Angeles,3/22/2021,67697,3945743,40092,1995297,25643,1867441,1962,83005,48279,1290681,19216,1364875,50240,2655556,California
Los Angeles,3/23/2021,93031,4038774,50141,2045438,39977,1907418,2913,85918,62008,1324782,30811,1395686,64912,2720468,California
Los Angeles,3/24/2021,101836,4140610,54141,2099579,44832,1952250,2863,88781,60449,1346976,41108,1436794,63302,2783770,California
Los Angeles,3/25/2021,106656,4247266,57050,2156629,45985,1998235,3621,92402,61334,1366840,45078,1481872,64942,2848712,California
Los Angeles,3/26/2021,111386,4358652,60790,2217419,46514,2044749,4082,96484,63483,1386730,47663,1529535,67553,2916265,California
Los Angeles,3/27/2021,80655,4439307,42248,2259667,36294,2081043,2113,98597,42145,1392699,38291,1567826,44260,2960525,California
Los Angeles,3/28/2021,40747,4480054,27258,2286925,12907,2093950,582,99179,20739,1394098,19922,1587748,21321,2981846,California
Los Angeles,3/29/2021,80988,4561042,45728,2332653,33676,2127626,1584,100763,46500,1407855,34325,1622073,48082,3029928,California
Los Angeles,3/30/2021,105887,4666929,49575,2382228,50620,2178246,5692,106455,65315,1438455,40389,1662462,70989,3100917,California
Los Angeles,3/31/2021,119175,4786104,59794,2442022,50896,2229142,8485,114940,70115,1468194,48833,1711295,78572,3179489,California
Los Angeles,4/1/2021,129291,4915395,60225,2502247,54341,2283483,14725,129665,70915,1495651,58147,1769442,85604,3265093,California
Los Angeles,4/2/2021,127384,5042779,56258,2558505,56357,2339840,14769,144434,68708,1520728,58396,1827838,83473,3348566,California
Los Angeles,4/3/2021,94741,5137520,42653,2601158,39092,2378932,12996,157430,47421,1533936,47182,1875020,60390,3408956,California
Los Angeles,4/4/2021,38815,5176335,20276,2621434,11979,2390911,6560,163990,16678,1535077,22081,1897101,23222,3432178,California
Los Angeles,4/5/2021,90288,5266623,43791,2665225,36619,2427530,9878,173868,44455,1543717,45679,1942780,54319,3486497,California
Los Angeles,4/6/2021,119209,5385832,56017,2721242,43174,2470704,20018,193886,55437,1555538,63567,2006347,75388,3561885,California
Los Angeles,4/7/2021,118182,5504014,53845,2775087,43518,2514222,20819,214705,54097,1566523,63868,2070215,74853,3636738,California
Los Angeles,4/8/2021,130088,5634102,57115,2832202,49216,2563438,23757,238462,59383,1579119,70474,2140689,83070,3719808,California
Los Angeles,4/9/2021,128268,5762370,55576,2887778,49326,2612764,23366,261828,55688,1585753,72344,2213033,78978,3798786,California
Los Angeles,4/10/2021,98420,5860790,41392,2929170,33405,2646169,23623,285451,36465,1584023,61760,2274793,60030,3858816,California
Los Angeles,4/11/2021,40887,5901677,22203,2951373,9567,2655736,9117,294568,14222,1580729,26605,2301398,23311,3882127,California
Los Angeles,4/12/2021,77454,5979131,38155,2989528,33160,2688896,6139,300707,32320,1574192,44961,2346359,38424,3920551,California
Los Angeles,4/13/2021,115369,6094500,58143,3047671,56835,2745731,391,301098,61378,1582170,53793,2400152,61771,3982322,California
Los Angeles,4/14/2021,115089,6209589,58378,3106049,56599,2802330,112,301210,62759,1592931,52105,2452257,62866,4045188,California
Los Angeles,4/15/2021,124853,6334442,67759,3173808,56939,2859269,155,301365,71350,1611160,53276,2505533,71505,4116693,California
Los Angeles,4/16/2021,125953,6460395,67358,3241166,58457,2917726,138,301503,66862,1619293,58871,2564404,67004,4183697,California
Los Angeles,4/17/2021,94965,6555360,50309,3291475,44647,2962373,9,301512,54038,1632586,40761,2605165,54054,4237751,California
Los Angeles,4/18/2021,33625,6588985,22270,3313745,11354,2973727,1,301513,18625,1636268,14950,2620115,18632,4256383,California
Los Angeles,4/19/2021,72721,6661706,38856,3352601,33840,3007567,25,301538,32590,1628906,39983,2660098,32621,4289004,California
Los Angeles,4/20/2021,97382,6759088,47413,3400014,49961,3057528,8,301546,48609,1628944,48580,2708678,48618,4337622,California
Los Angeles,4/21/2021,105503,6864591,51202,3451216,54114,3111642,187,301733,46997,1617869,58263,2766941,47188,4384810,California
Los Angeles,4/22/2021,91019,6955610,52301,3503517,38692,3150334,26,301759,40549,1608185,50264,2817205,40580,4425390,California
Los Angeles,4/23/2021,47543,7003153,28540,3532057,18996,3169330,7,301766,25523,1611840,21874,2839079,25529,4450919,California
Madera,12/16/2020,22,22,22,22,0,0,0,0,22,22,0,0,22,22,California
Madera,12/17/2020,13,35,13,35,0,0,0,0,13,35,0,0,13,35,California
Madera,12/18/2020,61,96,61,96,0,0,0,0,61,96,0,0,61,96,California
Madera,12/19/2020,5,101,5,101,0,0,0,0,5,101,0,0,5,101,California
Madera,12/20/2020,14,115,14,115,0,0,0,0,14,115,0,0,14,115,California
Madera,12/21/2020,60,175,60,175,0,0,0,0,60,175,0,0,60,175,California
Madera,12/22/2020,97,272,95,270,2,2,0,0,97,272,0,0,97,272,California
Madera,12/23/2020,68,340,68,338,0,2,0,0,68,340,0,0,68,340,California
Madera,12/24/2020,44,384,39,377,5,7,0,0,44,384,0,0,44,384,California
Madera,12/26/2020,28,412,26,403,2,9,0,0,28,412,0,0,28,412,California
Madera,12/27/2020,30,442,12,415,18,27,0,0,30,442,0,0,30,442,California
Madera,12/28/2020,105,547,36,451,69,96,0,0,105,547,0,0,105,547,California
Madera,12/29/2020,174,721,40,491,134,230,0,0,174,721,0,0,174,721,California
Madera,12/30/2020,218,939,86,577,132,362,0,0,218,939,0,0,218,939,California
Madera,12/31/2020,201,1140,80,657,121,483,0,0,201,1140,0,0,201,1140,California
Madera,1/1/2021,1,1141,1,658,0,483,0,0,1,1141,0,0,1,1141,California
Madera,1/2/2021,89,1230,34,692,55,538,0,0,89,1230,0,0,89,1230,California
Madera,1/3/2021,5,1235,5,697,0,538,0,0,5,1235,0,0,5,1235,California
Madera,1/4/2021,129,1364,65,762,64,602,0,0,129,1364,0,0,129,1364,California
Madera,1/5/2021,279,1643,143,905,136,738,0,0,275,1635,4,4,275,1639,California
Madera,1/6/2021,184,1827,27,932,157,895,0,0,164,1779,20,24,164,1803,California
Madera,1/7/2021,394,2221,113,1045,281,1176,0,0,372,2129,22,46,372,2175,California
Madera,1/8/2021,419,2640,72,1117,347,1523,0,0,364,2440,54,100,365,2540,California
Madera,1/9/2021,37,2677,14,1131,23,1546,0,0,28,2459,9,109,28,2568,California
Madera,1/10/2021,17,2694,14,1145,3,1549,0,0,5,2452,12,121,5,2573,California
Madera,1/11/2021,238,2932,190,1335,48,1597,0,0,195,2604,43,164,195,2768,California
Madera,1/12/2021,390,3322,157,1492,233,1830,0,0,284,2782,106,270,284,3052,California
Madera,1/13/2021,185,3507,91,1583,94,1924,0,0,129,2856,56,326,130,3182,California
Madera,1/14/2021,554,4061,82,1665,472,2396,0,0,520,3342,34,360,520,3702,California
Madera,1/15/2021,598,4659,159,1824,439,2835,0,0,578,3900,20,380,578,4280,California
Madera,1/16/2021,382,5041,47,1871,335,3170,0,0,353,4224,29,409,353,4633,California
Madera,1/17/2021,335,5376,15,1886,320,3490,0,0,331,4551,4,413,331,4964,California
Madera,1/18/2021,76,5452,60,1946,16,3506,0,0,57,4590,18,431,57,5021,California
Madera,1/19/2021,570,6022,135,2081,435,3941,0,0,543,5107,27,458,544,5565,California
Madera,1/20/2021,234,6256,80,2161,154,4095,0,0,206,5286,27,485,206,5771,California
Madera,1/21/2021,237,6493,130,2291,107,4202,0,0,204,5459,31,516,204,5975,California
Madera,1/22/2021,257,6750,83,2374,174,4376,0,0,243,5688,14,530,243,6218,California
Madera,1/23/2021,100,6850,52,2426,48,4424,0,0,76,5740,24,554,76,6294,California
Madera,1/24/2021,101,6951,82,2508,19,4443,0,0,78,5795,23,577,78,6372,California
Madera,1/25/2021,255,7206,124,2632,131,4574,0,0,142,5824,113,690,142,6514,California
Madera,1/26/2021,481,7687,189,2821,292,4866,0,0,292,5930,188,878,294,6808,California
Madera,1/27/2021,737,8424,63,2884,674,5540,0,0,601,6396,136,1014,602,7410,California
Madera,1/28/2021,536,8960,103,2987,433,5973,0,0,433,6726,103,1117,433,7843,California
Madera,1/29/2021,468,9428,95,3082,373,6346,0,0,412,7082,56,1173,412,8255,California
Madera,1/30/2021,504,9932,16,3098,488,6834,0,0,450,7478,54,1227,450,8705,California
Madera,1/31/2021,10,9942,7,3105,3,6837,0,0,9,7486,1,1228,9,8714,California
Madera,2/1/2021,256,10198,72,3177,184,7021,0,0,197,7624,59,1287,197,8911,California
Madera,2/2/2021,252,10450,87,3264,165,7186,0,0,161,7696,90,1377,162,9073,California
Madera,2/3/2021,592,11042,459,3723,133,7319,0,0,473,8053,117,1494,474,9547,California
Madera,2/4/2021,385,11427,120,3843,265,7584,0,0,111,7892,273,1767,112,9659,California
Madera,2/5/2021,974,12401,297,4140,677,8261,0,0,368,7660,601,2368,369,10028,California
Madera,2/6/2021,360,12761,325,4465,35,8296,0,0,321,7943,38,2406,321,10349,California
Madera,2/7/2021,35,12796,7,4472,28,8324,0,0,30,7968,5,2411,30,10379,California
Madera,2/8/2021,382,13178,306,4778,76,8400,0,0,269,8125,112,2523,269,10648,California
Madera,2/9/2021,479,13657,119,4897,360,8760,0,0,197,8044,279,2802,198,10846,California
Madera,2/10/2021,428,14085,148,5045,280,9040,0,0,322,8260,106,2908,322,11168,California
Madera,2/11/2021,932,15017,304,5349,628,9668,0,0,404,8138,527,3435,405,11573,California
Madera,2/12/2021,842,15859,119,5468,723,10391,0,0,310,7925,526,3961,313,11886,California
Madera,2/13/2021,484,16343,44,5512,440,10831,0,0,139,7722,344,4305,141,12027,California
Madera,2/14/2021,400,16743,75,5587,325,11156,0,0,137,7597,263,4568,138,12165,California
Madera,2/15/2021,244,16987,98,5685,146,11302,0,0,175,7704,68,4636,175,12340,California
Madera,2/16/2021,774,17761,183,5868,591,11893,0,0,230,7394,541,5177,231,12571,California
Madera,2/17/2021,608,18369,273,6141,335,12228,0,0,339,7471,264,5441,341,12912,California
Madera,2/18/2021,1297,19666,538,6679,759,12987,0,0,1121,8418,176,5617,1123,14035,California
Madera,2/19/2021,860,20526,545,7224,315,13302,0,0,718,8996,142,5759,720,14755,California
Madera,2/20/2021,1069,21595,978,8202,91,13393,0,0,998,9925,70,5829,999,15754,California
Madera,2/21/2021,965,22560,821,9023,144,13537,0,0,959,10878,6,5835,959,16713,California
Madera,2/22/2021,908,23468,832,9855,76,13613,0,0,854,11678,54,5889,854,17567,California
Madera,2/23/2021,769,24237,497,10352,272,13885,0,0,549,12008,219,6108,549,18116,California
Madera,2/24/2021,906,25143,300,10652,606,14491,0,0,377,11856,529,6637,377,18493,California
Madera,2/25/2021,1019,26162,307,10959,712,15203,0,0,590,12019,427,7064,590,19083,California
Madera,2/26/2021,1070,27232,185,11144,885,16088,0,0,695,12341,373,7437,695,19778,California
Madera,2/27/2021,868,28100,244,11388,624,16712,0,0,446,12371,419,7856,449,20227,California
Madera,2/28/2021,188,28288,29,11417,159,16871,0,0,182,12547,6,7862,182,20409,California
Madera,3/1/2021,369,28657,116,11533,253,17124,0,0,191,12561,177,8039,191,20600,California
Madera,3/2/2021,649,29306,267,11800,382,17506,0,0,537,12987,112,8151,538,21138,California
Madera,3/3/2021,1305,30611,696,12496,609,18115,0,0,906,13521,396,8547,930,22068,California
Madera,3/4/2021,1162,31773,502,12998,660,18775,0,0,920,14201,243,8790,923,22991,California
Madera,3/5/2021,1324,33097,405,13403,907,19682,12,12,1062,15026,260,9050,1085,24076,California
Madera,3/6/2021,803,33900,622,14025,149,19831,32,44,484,15224,319,9369,517,24593,California
Madera,3/7/2021,153,34053,27,14052,104,19935,22,66,103,15299,50,9419,125,24718,California
Madera,3/8/2021,595,34648,335,14387,201,20136,59,125,302,15369,293,9712,363,25081,California
Madera,3/9/2021,449,35097,158,14545,257,20393,34,159,275,15514,172,9884,317,25398,California
Madera,3/10/2021,1130,36227,507,15052,546,20939,77,236,704,15874,422,10306,782,26180,California
Madera,3/11/2021,1655,37882,842,15894,481,21420,332,568,748,16060,905,11211,1091,27271,California
Madera,3/12/2021,1527,39409,778,16672,595,22015,154,722,750,16214,775,11986,929,28200,California
Madera,3/13/2021,1811,41220,1268,17940,345,22360,198,920,746,16111,1063,13049,960,29160,California
Madera,3/14/2021,581,41801,448,18388,101,22461,32,952,293,16150,286,13335,325,29485,California
Madera,3/15/2021,728,42529,213,18601,469,22930,46,998,505,16507,220,13555,577,30062,California
Madera,3/16/2021,820,43349,420,19021,353,23283,47,1045,638,17030,179,13734,702,30764,California
Madera,3/17/2021,1417,44766,935,19956,420,23703,62,1107,863,17499,546,14280,1015,31779,California
Madera,3/18/2021,1870,46636,646,20602,1164,24867,60,1167,910,17601,952,15232,1054,32833,California
Madera,3/19/2021,1494,48130,588,21190,822,25689,84,1251,960,18181,528,15760,1108,33941,California
Madera,3/20/2021,1130,49260,772,21962,307,25996,51,1302,579,18307,550,16310,676,34617,California
Madera,3/21/2021,1071,50331,872,22834,154,26150,45,1347,355,17995,713,17023,401,35018,California
Madera,3/22/2021,1356,51687,851,23685,437,26587,68,1415,684,18120,669,17692,794,35812,California
Madera,3/23/2021,1395,53082,840,24525,464,27051,91,1506,737,18374,656,18348,910,36722,California
Madera,3/24/2021,901,53983,467,24992,403,27454,31,1537,599,18708,300,18648,634,37356,California
Madera,3/25/2021,1122,55105,488,25480,610,28064,24,1561,642,18918,469,19117,679,38035,California
Madera,3/26/2021,1435,56540,508,25988,796,28860,131,1692,674,18971,755,19872,808,38843,California
Madera,3/27/2021,824,57364,525,26513,278,29138,21,1713,369,18912,449,20321,390,39233,California
Madera,3/28/2021,420,57784,136,26649,223,29361,61,1774,230,19066,189,20510,343,39576,California
Madera,3/29/2021,681,58465,178,26827,476,29837,27,1801,492,19403,186,20696,523,40099,California
Madera,3/30/2021,1015,59480,561,27388,422,30259,32,1833,557,19538,455,21151,590,40689,California
Madera,3/31/2021,1297,60777,486,27874,697,30956,114,1947,451,19263,841,21992,566,41255,California
Madera,4/1/2021,1224,62001,535,28409,640,31596,49,1996,437,18966,782,22774,485,41740,California
Madera,4/2/2021,1506,63507,411,28820,1037,32633,58,2054,460,18449,1037,23811,520,42260,California
Madera,4/3/2021,871,64378,681,29501,170,32803,20,2074,379,18367,490,24301,408,42668,California
Madera,4/4/2021,184,64562,65,29566,117,32920,2,2076,85,18355,99,24400,87,42755,California
Madera,4/5/2021,733,65295,254,29820,422,33342,57,2133,340,18374,392,24792,411,43166,California
Madera,4/6/2021,1687,66982,877,30697,462,33804,348,2481,636,18307,1050,25842,983,44149,California
Madera,4/7/2021,1194,68176,371,31068,674,34478,149,2630,452,18174,739,26581,606,44755,California
Madera,4/8/2021,1673,69849,655,31723,767,35245,251,2881,559,17881,1110,27691,817,45572,California
Madera,4/9/2021,1605,71454,670,32393,788,36033,147,3028,940,18311,660,28351,1090,46662,California
Madera,4/10/2021,944,72398,675,33068,202,36235,67,3095,698,18832,245,28596,766,47428,California
Madera,4/11/2021,770,73168,628,33696,65,36300,77,3172,285,18710,483,29079,361,47789,California
Madera,4/12/2021,777,73945,265,33961,434,36734,78,3250,301,18614,476,29555,380,48169,California
Madera,4/13/2021,1233,75178,609,34570,583,37317,41,3291,730,18894,501,30056,781,48950,California
Madera,4/14/2021,1354,76532,836,35406,518,37835,0,3291,570,18689,781,30837,576,49526,California
Madera,4/15/2021,1080,77612,454,35860,625,38460,1,3292,428,18478,641,31478,430,49956,California
Madera,4/16/2021,1243,78855,515,36375,728,39188,0,3292,427,18100,806,32284,428,50384,California
Madera,4/17/2021,1263,80118,1064,37439,199,39387,0,3292,827,18492,435,32719,827,51211,California
Madera,4/18/2021,241,80359,205,37644,36,39423,0,3292,98,18448,142,32861,98,51309,California
Madera,4/19/2021,794,81153,232,37876,561,39984,1,3293,268,18196,521,33382,269,51578,California
Madera,4/20/2021,857,82010,417,38293,440,40424,0,3293,236,17816,618,34000,238,51816,California
Madera,4/21/2021,843,82853,448,38741,395,40819,0,3293,293,17565,546,34546,295,52111,California
Madera,4/22/2021,1028,83881,506,39247,522,41341,0,3293,378,17298,645,35191,378,52489,California
Madera,4/23/2021,506,84387,179,39426,326,41667,1,3294,208,17212,295,35486,209,52698,California
Marin,12/15/2020,2,2,2,2,0,0,0,0,2,2,0,0,2,2,California
Marin,12/16/2020,107,109,107,109,0,0,0,0,107,109,0,0,107,109,California
Marin,12/17/2020,260,369,260,369,0,0,0,0,260,369,0,0,260,369,California
Marin,12/18/2020,372,741,372,741,0,0,0,0,372,741,0,0,372,741,California
Marin,12/19/2020,350,1091,349,1090,1,1,0,0,350,1091,0,0,350,1091,California
Marin,12/20/2020,167,1258,166,1256,1,2,0,0,167,1258,0,0,167,1258,California
Marin,12/21/2020,238,1496,235,1491,3,5,0,0,238,1496,0,0,238,1496,California
Marin,12/22/2020,523,2019,319,1810,204,209,0,0,523,2019,0,0,523,2019,California
Marin,12/23/2020,730,2749,322,2132,408,617,0,0,730,2749,0,0,730,2749,California
Marin,12/24/2020,357,3106,159,2291,198,815,0,0,357,3106,0,0,357,3106,California
Marin,12/25/2020,27,3133,0,2291,27,842,0,0,27,3133,0,0,27,3133,California
Marin,12/26/2020,142,3275,93,2384,49,891,0,0,142,3275,0,0,142,3275,California
Marin,12/27/2020,92,3367,55,2439,37,928,0,0,92,3367,0,0,92,3367,California
Marin,12/28/2020,408,3775,99,2538,309,1237,0,0,408,3775,0,0,408,3775,California
Marin,12/29/2020,401,4176,88,2626,313,1550,0,0,401,4176,0,0,401,4176,California
Marin,12/30/2020,625,4801,388,3014,237,1787,0,0,625,4801,0,0,625,4801,California
Marin,12/31/2020,197,4998,33,3047,164,1951,0,0,197,4998,0,0,197,4998,California
Marin,1/1/2021,14,5012,5,3052,9,1960,0,0,14,5012,0,0,14,5012,California
Marin,1/2/2021,103,5115,97,3149,6,1966,0,0,103,5115,0,0,103,5115,California
Marin,1/3/2021,54,5169,36,3185,18,1984,0,0,51,5166,0,0,51,5166,California
Marin,1/4/2021,292,5461,189,3374,103,2087,0,0,291,5456,1,1,291,5457,California
Marin,1/5/2021,365,5826,222,3596,143,2230,0,0,322,5735,43,44,322,5779,California
Marin,1/6/2021,816,6642,315,3911,501,2731,0,0,640,6199,176,220,640,6419,California
Marin,1/7/2021,888,7530,501,4412,387,3118,0,0,541,6393,347,567,541,6960,California
Marin,1/8/2021,971,8501,515,4927,456,3574,0,0,594,6611,376,943,594,7554,California
Marin,1/9/2021,618,9119,223,5150,395,3969,0,0,487,6967,131,1074,487,8041,California
Marin,1/10/2021,128,9247,99,5249,29,3998,0,0,54,6947,74,1148,54,8095,California
Marin,1/11/2021,467,9714,326,5575,141,4139,0,0,248,6977,219,1367,249,8344,California
Marin,1/12/2021,936,10650,539,6114,397,4536,0,0,566,7176,367,1734,566,8910,California
Marin,1/13/2021,1175,11825,498,6612,677,5213,0,0,937,7875,238,1972,937,9847,California
Marin,1/14/2021,1066,12891,318,6930,748,5961,0,0,916,8643,148,2120,916,10763,California
Marin,1/15/2021,1152,14043,354,7284,798,6759,0,0,1022,9537,129,2249,1023,11786,California
Marin,1/16/2021,1117,15160,914,8198,203,6962,0,0,1043,10506,74,2323,1043,12829,California
Marin,1/17/2021,1233,16393,1114,9312,119,7081,0,0,1205,11687,27,2350,1208,14037,California
Marin,1/18/2021,360,16753,159,9471,201,7282,0,0,309,11945,51,2401,309,14346,California
Marin,1/19/2021,1155,17908,913,10384,242,7524,0,0,983,12757,171,2572,983,15329,California
Marin,1/20/2021,1784,19692,1203,11587,581,8105,0,0,1054,13092,719,3291,1054,16383,California
Marin,1/21/2021,1683,21375,1062,12649,621,8726,0,0,1331,14076,349,3640,1333,17716,California
Marin,1/22/2021,1696,23071,1086,13735,610,9336,0,0,1529,15438,167,3807,1529,19245,California
Marin,1/23/2021,1842,24913,1341,15076,501,9837,0,0,1757,17111,84,3891,1757,21002,California
Marin,1/24/2021,613,25526,166,15242,447,10284,0,0,581,17660,32,3923,581,21583,California
Marin,1/25/2021,1125,26651,227,15469,898,11182,0,0,693,17922,432,4355,694,22277,California
Marin,1/26/2021,1503,28154,780,16249,723,11905,0,0,1124,18668,378,4733,1124,23401,California
Marin,1/27/2021,1697,29851,871,17120,826,12731,0,0,1347,19668,348,5081,1348,24749,California
Marin,1/28/2021,2070,31921,1064,18184,1006,13737,0,0,1808,21216,261,5342,1809,26558,California
Marin,1/29/2021,2184,34105,1437,19621,747,14484,0,0,1982,23008,191,5533,1983,28541,California
Marin,1/30/2021,1713,35818,899,20520,814,15298,0,0,1635,24566,78,5611,1636,30177,California
Marin,1/31/2021,453,36271,316,20836,137,15435,0,0,428,24969,25,5636,428,30605,California
Marin,2/1/2021,1087,37358,416,21252,671,16106,0,0,888,25659,199,5835,889,31494,California
Marin,2/2/2021,1350,38708,462,21714,888,16994,0,0,724,25767,616,6451,724,32218,California
Marin,2/3/2021,1779,40487,428,22142,1351,18345,0,0,1255,26499,523,6974,1255,33473,California
Marin,2/4/2021,1534,42021,512,22654,1022,19367,0,0,934,26836,597,7571,934,34407,California
Marin,2/5/2021,2174,44195,681,23335,1493,20860,0,0,1336,27338,834,8405,1336,35743,California
Marin,2/6/2021,1426,45621,850,24185,576,21436,0,0,603,27119,822,9227,603,36346,California
Marin,2/7/2021,1287,46908,1005,25190,282,21718,0,0,489,26811,797,10024,489,36835,California
Marin,2/8/2021,1517,48425,753,25943,764,22482,0,0,725,26746,790,10814,725,37560,California
Marin,2/9/2021,1782,50207,1122,27065,660,23142,0,0,837,26638,945,11759,837,38397,California
Marin,2/10/2021,2335,52542,1489,28554,846,23988,0,0,1218,26742,1115,12874,1219,39616,California
Marin,2/11/2021,2866,55408,1646,30200,1220,25208,0,0,1453,26789,1408,14282,1455,41071,California
Marin,2/12/2021,3061,58469,1538,31738,1523,26731,0,0,1567,26864,1492,15774,1567,42638,California
Marin,2/13/2021,2332,60801,1242,32980,1090,27821,0,0,1128,26790,1202,16976,1128,43766,California
Marin,2/14/2021,810,61611,301,33281,509,28330,0,0,717,27415,93,17069,718,44484,California
Marin,2/15/2021,1214,62825,356,33637,858,29188,0,0,833,27869,380,17449,834,45318,California
Marin,2/16/2021,2463,65288,1056,34693,1407,30595,0,0,1503,28413,959,18408,1503,46821,California
Marin,2/17/2021,2094,67382,938,35631,1156,31751,0,0,1087,28496,1005,19413,1088,47909,California
Marin,2/18/2021,2411,69793,1577,37208,834,32585,0,0,1060,28206,1350,20763,1060,48969,California
Marin,2/19/2021,2755,72548,2153,39361,602,33187,0,0,1219,27902,1524,22287,1220,50189,California
Marin,2/20/2021,2566,75114,2112,41473,454,33641,0,0,1218,27777,1343,23630,1218,51407,California
Marin,2/21/2021,1281,76395,1089,42562,192,33833,0,0,907,28314,370,24000,907,52314,California
Marin,2/22/2021,1823,78218,1405,43967,418,34251,0,0,1212,28917,609,24609,1212,53526,California
Marin,2/23/2021,2832,81050,1614,45581,1218,35469,0,0,1908,29911,915,25524,1909,55435,California
Marin,2/24/2021,3505,84555,1605,47186,1900,37369,0,0,2253,30920,1245,26769,2254,57689,California
Marin,2/25/2021,3925,88480,1808,48994,2117,39486,0,0,2768,32539,1150,27919,2769,60458,California
Marin,2/26/2021,3480,91960,1879,50873,1601,41087,0,0,2528,34126,941,28860,2528,62986,California
Marin,2/27/2021,2607,94567,1494,52367,1113,42200,0,0,1773,35070,831,29691,1775,64761,California
Marin,2/28/2021,1379,95946,918,53285,461,42661,0,0,1043,35780,333,30024,1043,65804,California
Marin,3/1/2021,2472,98418,1535,54820,937,43598,0,0,1662,36636,806,30830,1662,67466,California
Marin,3/2/2021,2430,100848,1596,56416,833,44431,1,1,1683,37576,744,31574,1684,69150,California
Marin,3/3/2021,4287,105135,2377,58793,1908,46339,2,3,2778,38852,1504,33078,2780,71930,California
Marin,3/4/2021,3337,108472,1644,60437,1692,48031,1,4,2330,40186,1000,34078,2334,74264,California
Marin,3/5/2021,3024,111496,1133,61570,1879,49910,12,16,1775,40727,1246,35324,1787,76051,California
Marin,3/6/2021,3225,114721,2314,63884,832,50742,79,95,2653,42891,567,35891,2731,78782,California
Marin,3/7/2021,1367,116088,1151,65035,192,50934,24,119,979,43509,385,36276,1003,79785,California
Marin,3/8/2021,1872,117960,1367,66402,388,51322,117,236,1407,44571,462,36738,1524,81309,California
Marin,3/9/2021,2098,120058,1217,67619,774,52096,107,343,1425,45432,671,37409,1532,82841,California
Marin,3/10/2021,4396,124454,2457,70076,1659,53755,280,623,3173,47666,1220,38629,3454,86295,California
Marin,3/11/2021,4551,129005,1869,71945,2546,56301,136,759,3262,49782,1282,39911,3398,89693,California
Marin,3/12/2021,3967,132972,1534,73479,2077,58378,356,1115,1559,49299,2397,42308,1914,91607,California
Marin,3/13/2021,4089,137061,2855,76334,1163,59541,71,1186,2418,50114,1669,43977,2484,94091,California
Marin,3/14/2021,2271,139332,1095,77429,1060,60601,116,1302,726,49413,1543,45520,842,94933,California
Marin,3/15/2021,3226,142558,1761,79190,1418,62019,47,1349,1220,48683,1996,47516,1266,96199,California
Marin,3/16/2021,4294,146852,2308,81498,1622,63641,364,1713,1520,47794,2771,50287,1882,98081,California
Marin,3/17/2021,4174,151026,2263,83761,1867,65508,44,1757,2054,47781,2110,52397,2097,100178,California
Marin,3/18/2021,4471,155497,2248,86009,2150,67658,73,1830,2242,47879,2215,54612,2313,102491,California
Marin,3/19/2021,4455,159952,2273,88282,1965,69623,217,2047,2432,48510,2017,56629,2648,105139,California
Marin,3/20/2021,3576,163528,1981,90263,1481,71104,114,2161,2035,49126,1534,58163,2150,107289,California
Marin,3/21/2021,1530,165058,1126,91389,379,71483,25,2186,797,49217,731,58894,822,108111,California
Marin,3/22/2021,2461,167519,2129,93518,167,71650,165,2351,987,48899,1470,60364,1152,109263,California
Marin,3/23/2021,4233,171752,2190,95708,1913,73563,130,2481,1938,48678,2289,62653,2068,111331,California
Marin,3/24/2021,4414,176166,2894,98602,1416,74979,104,2585,1796,47969,2607,65260,1898,113229,California
Marin,3/25/2021,4640,180806,2831,101433,1741,76720,68,2653,2269,47945,2359,67619,2335,115564,California
Marin,3/26/2021,4282,185088,2323,103756,1745,78465,214,2867,2419,48732,1846,69465,2633,118197,California
Marin,3/27/2021,3686,188774,2647,106403,1021,79486,18,2885,1143,47361,2532,71997,1161,119358,California
Marin,3/28/2021,2374,191148,1718,108121,650,80136,6,2891,1100,47198,1269,73266,1106,120464,California
Marin,3/29/2021,2687,193835,2095,110216,567,80703,25,2916,1191,46921,1493,74759,1216,121680,California
Marin,3/30/2021,4650,198485,3648,113864,969,81672,33,2949,3063,48433,1584,76343,3096,124776,California
Marin,3/31/2021,5781,204266,4100,117964,1632,83304,49,2998,2576,47863,3195,79538,2625,127401,California
Marin,4/1/2021,4383,208649,2260,120224,1872,85176,251,3249,2108,47955,2267,81805,2359,129760,California
Marin,4/2/2021,3674,212323,1820,122044,1491,86667,363,3612,1955,48560,1713,83518,2318,132078,California
Marin,4/3/2021,3831,216154,2519,124563,943,87610,369,3981,1462,48032,2359,85877,1831,133909,California
Marin,4/4/2021,1632,217786,1227,125790,201,87811,204,4185,1193,48991,438,86315,1397,135306,California
Marin,4/5/2021,2183,219969,1516,127306,296,88107,371,4556,1258,49696,922,87237,1627,136933,California
Marin,4/6/2021,3930,223899,2102,129408,1281,89388,547,5103,2185,50686,1739,88976,2729,139662,California
Marin,4/7/2021,3896,227795,1965,131373,1293,90681,638,5741,1415,50265,2474,91450,2053,141715,California
Marin,4/8/2021,4986,232781,1950,133323,2430,93111,606,6347,2278,50442,2701,94151,2878,144593,California
Marin,4/9/2021,3933,236714,1529,134852,1681,94792,723,7070,1296,49825,2633,96784,2016,146609,California
Marin,4/10/2021,3176,239890,1460,136312,1283,96075,433,7503,1429,49948,1737,98521,1860,148469,California
Marin,4/11/2021,1055,240945,801,137113,93,96168,161,7664,474,50002,580,99101,634,149103,California
Marin,4/12/2021,1704,242649,1228,138341,340,96508,136,7800,919,50276,782,99883,1056,150159,California
Marin,4/13/2021,3707,246356,2272,140613,1428,97936,7,7807,1350,49286,2347,102230,1357,151516,California
Marin,4/14/2021,4142,250498,2477,143090,1663,99599,2,7809,1702,48556,2433,104663,1703,153219,California
Marin,4/15/2021,5538,256036,3924,147014,1614,101213,0,7809,3178,49389,2346,107009,3179,156398,California
Marin,4/16/2021,4223,260259,2222,149236,1998,103211,3,7812,2062,49305,2149,109158,2065,158463,California
Marin,4/17/2021,3514,263773,2151,151387,1363,104574,0,7812,1758,49312,1751,110909,1758,160221,California
Marin,4/18/2021,3201,266974,3100,154487,101,104675,0,7812,2562,51238,636,111545,2562,162783,California
Marin,4/19/2021,2003,268977,1834,156321,169,104844,0,7812,1158,51556,842,112387,1160,163943,California
Marin,4/20/2021,3692,272669,2554,158875,1138,105982,0,7812,1482,50833,2205,114592,1482,165425,California
Marin,4/21/2021,4002,276671,2943,161818,1057,107039,2,7814,1379,49605,2608,117200,1380,166805,California
Marin,4/22/2021,3807,280478,2851,164669,956,107995,0,7814,1316,48438,2484,119684,1317,168122,California
Marin,4/23/2021,716,281194,257,164926,459,108454,0,7814,269,48260,447,120131,269,168391,California
Mariposa,12/17/2020,37,37,37,37,0,0,0,0,39,39,0,0,39,39,California
Mariposa,12/18/2020,56,93,56,93,0,0,0,0,57,96,0,0,57,96,California
Mariposa,12/20/2020,2,95,2,95,0,0,0,0,2,98,0,0,2,98,California
Mariposa,12/21/2020,47,142,47,142,0,0,0,0,52,150,0,0,52,150,California
Mariposa,12/22/2020,5,147,5,147,0,0,0,0,5,155,0,0,5,155,California
Mariposa,12/23/2020,17,164,17,164,0,0,0,0,17,172,0,0,17,172,California
Mariposa,12/24/2020,1,165,0,164,1,1,0,0,0,172,0,0,0,172,California
Mariposa,12/26/2020,1,166,1,165,0,1,0,0,1,173,0,0,1,173,California
Mariposa,12/27/2020,1,167,0,165,1,2,0,0,1,174,0,0,1,174,California
Mariposa,12/28/2020,6,173,3,168,3,5,0,0,6,180,0,0,6,180,California
Mariposa,12/29/2020,33,206,3,171,30,35,0,0,33,213,0,0,33,213,California
Mariposa,12/30/2020,25,231,4,175,21,56,0,0,25,238,0,0,25,238,California
Mariposa,12/31/2020,17,248,0,175,17,73,0,0,17,255,0,0,17,255,California
Mariposa,1/2/2021,2,250,2,177,0,73,0,0,2,257,0,0,2,257,California
Mariposa,1/4/2021,8,258,1,178,7,80,0,0,8,265,0,0,8,265,California
Mariposa,1/5/2021,24,282,14,192,10,90,0,0,14,269,10,10,14,279,California
Mariposa,1/6/2021,6,288,3,195,3,93,0,0,3,269,3,13,3,282,California
Mariposa,1/7/2021,52,340,47,242,5,98,0,0,5,227,47,60,5,287,California
Mariposa,1/8/2021,109,449,80,322,29,127,0,0,34,186,75,135,34,321,California
Mariposa,1/9/2021,1,450,0,322,1,128,0,0,1,187,0,135,1,322,California
Mariposa,1/11/2021,31,481,10,332,21,149,0,0,23,202,8,143,23,345,California
Mariposa,1/12/2021,19,500,4,336,15,164,0,0,15,213,4,147,15,360,California
Mariposa,1/13/2021,21,521,4,340,17,181,0,0,18,228,3,150,18,378,California
Mariposa,1/14/2021,73,594,7,347,66,247,0,0,67,289,6,156,67,445,California
Mariposa,1/15/2021,66,660,26,373,40,287,0,0,56,335,10,166,56,501,California
Mariposa,1/16/2021,14,674,2,375,12,299,0,0,13,347,1,167,13,514,California
Mariposa,1/17/2021,2,676,0,375,2,301,0,0,2,349,0,167,2,516,California
Mariposa,1/18/2021,3,679,3,378,0,301,0,0,1,348,2,169,1,517,California
Mariposa,1/19/2021,8,687,4,382,4,305,0,0,5,351,2,171,5,522,California
Mariposa,1/20/2021,23,710,1,383,22,327,0,0,22,372,1,172,22,544,California
Mariposa,1/21/2021,64,774,8,391,56,383,0,0,59,426,5,177,59,603,California
Mariposa,1/22/2021,55,829,2,393,53,436,0,0,55,481,0,177,55,658,California
Mariposa,1/23/2021,116,945,2,395,114,550,0,0,115,595,1,178,115,773,California
Mariposa,1/24/2021,2,947,2,397,0,550,0,0,2,597,0,178,2,775,California
Mariposa,1/25/2021,4,951,1,398,3,553,0,0,0,593,4,182,0,775,California
Mariposa,1/26/2021,36,987,4,402,32,585,0,0,4,569,32,214,8,783,California
Mariposa,1/27/2021,22,1009,1,403,21,606,0,0,13,573,9,223,13,796,California
Mariposa,1/28/2021,127,1136,3,406,124,730,0,0,113,673,13,236,113,909,California
Mariposa,1/29/2021,84,1220,22,428,62,792,0,0,83,755,1,237,83,992,California
Mariposa,1/30/2021,9,1229,1,429,8,800,0,0,8,762,1,238,8,1000,California
Mariposa,1/31/2021,1,1230,0,429,1,801,0,0,1,763,0,238,1,1001,California
Mariposa,2/1/2021,87,1317,30,459,57,858,0,0,66,808,21,259,66,1067,California
Mariposa,2/2/2021,15,1332,3,462,12,870,0,0,9,811,6,265,9,1076,California
Mariposa,2/3/2021,20,1352,1,463,19,889,0,0,14,819,6,271,14,1090,California
Mariposa,2/4/2021,91,1443,8,471,83,972,0,0,86,902,4,275,87,1177,California
Mariposa,2/5/2021,189,1632,5,476,184,1156,0,0,162,1037,27,302,162,1339,California
Mariposa,2/6/2021,11,1643,4,480,7,1163,0,0,10,1046,1,303,10,1349,California
Mariposa,2/8/2021,40,1683,2,482,38,1201,0,0,21,1048,19,322,21,1370,California
Mariposa,2/9/2021,43,1726,25,507,18,1219,0,0,37,1079,6,328,37,1407,California
Mariposa,2/10/2021,28,1754,5,512,23,1242,0,0,17,1092,10,338,23,1430,California
Mariposa,2/11/2021,373,2127,5,517,368,1610,0,0,360,1441,13,351,362,1792,California
Mariposa,2/12/2021,183,2310,7,524,176,1786,0,0,140,1538,43,394,140,1932,California
Mariposa,2/13/2021,11,2321,3,527,8,1794,0,0,9,1545,2,396,9,1941,California
Mariposa,2/14/2021,7,2328,4,531,3,1797,0,0,5,1548,2,398,5,1946,California
Mariposa,2/15/2021,8,2336,2,533,6,1803,0,0,7,1554,1,399,7,1953,California
Mariposa,2/16/2021,57,2393,34,567,23,1826,0,0,34,1565,23,422,34,1987,California
Mariposa,2/17/2021,35,2428,8,575,27,1853,0,0,27,1585,7,429,27,2014,California
Mariposa,2/18/2021,55,2483,7,582,48,1901,0,0,20,1570,35,464,20,2034,California
Mariposa,2/19/2021,82,2565,3,585,79,1980,0,0,77,1642,5,469,77,2111,California
Mariposa,2/20/2021,251,2816,4,589,247,2227,0,0,222,1836,28,497,222,2333,California
Mariposa,2/21/2021,233,3049,2,591,231,2458,0,0,232,2067,1,498,232,2565,California
Mariposa,2/22/2021,24,3073,7,598,17,2475,0,0,21,2085,3,501,21,2586,California
Mariposa,2/23/2021,42,3115,36,634,6,2481,0,0,25,2093,17,518,25,2611,California
Mariposa,2/24/2021,19,3134,3,637,16,2497,0,0,7,2089,11,529,7,2618,California
Mariposa,2/25/2021,17,3151,8,645,9,2506,0,0,11,2094,6,535,11,2629,California
Mariposa,2/26/2021,421,3572,6,651,415,2921,0,0,360,2394,61,596,361,2990,California
Mariposa,2/27/2021,171,3743,5,656,166,3087,0,0,160,2543,11,607,160,3150,California
Mariposa,2/28/2021,2,3745,1,657,1,3088,0,0,0,2541,2,609,0,3150,California
Mariposa,3/1/2021,81,3826,25,682,56,3144,0,0,16,2493,64,673,16,3166,California
Mariposa,3/2/2021,20,3846,13,695,7,3151,0,0,11,2495,9,682,11,3177,California
Mariposa,3/3/2021,71,3917,5,700,66,3217,0,0,66,2557,5,687,67,3244,California
Mariposa,3/4/2021,31,3948,8,708,23,3240,0,0,20,2566,11,698,20,3264,California
Mariposa,3/5/2021,50,3998,8,716,42,3282,0,0,37,2594,13,711,41,3305,California
Mariposa,3/6/2021,15,4013,6,722,9,3291,0,0,7,2593,8,719,7,3312,California
Mariposa,3/7/2021,1,4014,1,723,0,3291,0,0,0,2592,1,720,0,3312,California
Mariposa,3/8/2021,38,4052,4,727,23,3314,11,11,9,2583,29,749,20,3332,California
Mariposa,3/9/2021,47,4099,18,745,19,3333,10,21,16,2578,31,780,26,3358,California
Mariposa,3/10/2021,30,4129,10,755,10,3343,10,31,10,2578,20,800,20,3378,California
Mariposa,3/11/2021,464,4593,6,761,440,3783,18,49,224,2584,239,1039,245,3623,California
Mariposa,3/12/2021,252,4845,6,767,218,4001,28,77,112,2583,140,1179,139,3762,California
Mariposa,3/13/2021,33,4878,7,774,11,4012,15,92,12,2588,21,1200,26,3788,California
Mariposa,3/14/2021,17,4895,2,776,4,4016,11,103,3,2588,14,1214,14,3802,California
Mariposa,3/15/2021,76,4971,7,783,31,4047,38,141,31,2612,45,1259,69,3871,California
Mariposa,3/16/2021,82,5053,32,815,15,4062,35,176,24,2613,58,1317,59,3930,California
Mariposa,3/17/2021,72,5125,11,826,53,4115,8,184,52,2654,19,1336,60,3990,California
Mariposa,3/18/2021,66,5191,15,841,41,4156,10,194,41,2680,25,1361,51,4041,California
Mariposa,3/19/2021,335,5526,8,849,322,4478,5,199,301,2952,34,1395,306,4347,California
Mariposa,3/20/2021,424,5950,5,854,417,4895,2,201,48,2627,376,1771,51,4398,California
Mariposa,3/21/2021,13,5963,8,862,4,4899,1,202,9,2633,4,1775,10,4408,California
Mariposa,3/22/2021,36,5999,7,869,21,4920,8,210,25,2656,11,1786,34,4442,California
Mariposa,3/23/2021,52,6051,32,901,10,4930,10,220,32,2678,20,1806,42,4484,California
Mariposa,3/24/2021,56,6107,5,906,49,4979,2,222,51,2726,5,1811,53,4537,California
Mariposa,3/25/2021,73,6180,15,921,50,5029,8,230,53,2767,20,1831,61,4598,California
Mariposa,3/26/2021,486,6666,9,930,476,5505,1,231,250,2782,236,2067,251,4849,California
Mariposa,3/27/2021,225,6891,8,938,217,5722,0,231,90,2738,135,2202,91,4940,California
Mariposa,3/28/2021,6,6897,1,939,2,5724,3,234,2,2739,4,2206,5,4945,California
Mariposa,3/29/2021,18,6915,5,944,13,5737,0,234,11,2743,7,2213,11,4956,California
Mariposa,3/30/2021,38,6953,14,958,8,5745,16,250,15,2751,23,2236,31,4987,California
Mariposa,3/31/2021,86,7039,17,975,68,5813,1,251,71,2808,15,2251,72,5059,California
Mariposa,4/1/2021,21,7060,8,983,12,5825,1,252,8,2804,13,2264,9,5068,California
Mariposa,4/2/2021,47,7107,10,993,35,5860,2,254,16,2792,30,2294,18,5086,California
Mariposa,4/3/2021,9,7116,6,999,3,5863,0,254,4,2791,5,2299,4,5090,California
Mariposa,4/4/2021,2,7118,1,1000,0,5863,1,255,0,2790,2,2301,1,5091,California
Mariposa,4/5/2021,30,7148,22,1022,5,5868,3,258,14,2791,16,2317,17,5108,California
Mariposa,4/6/2021,43,7191,20,1042,7,5875,16,274,13,2791,29,2346,29,5137,California
Mariposa,4/7/2021,31,7222,5,1047,7,5882,19,293,2,2783,29,2375,21,5158,California
Mariposa,4/8/2021,50,7272,13,1060,18,5900,19,312,16,2786,32,2407,35,5193,California
Mariposa,4/9/2021,33,7305,9,1069,12,5912,12,324,10,2785,23,2430,22,5215,California
Mariposa,4/10/2021,15,7320,1,1070,4,5916,10,334,4,2787,11,2441,13,5228,California
Mariposa,4/11/2021,8,7328,4,1074,2,5918,2,336,1,2783,7,2448,3,5231,California
Mariposa,4/12/2021,36,7364,10,1084,24,5942,2,338,8,2765,28,2476,10,5241,California
Mariposa,4/13/2021,55,7419,46,1130,9,5951,0,338,36,2782,19,2495,36,5277,California
Mariposa,4/14/2021,13,7432,6,1136,7,5958,0,338,7,2783,6,2501,7,5284,California
Mariposa,4/15/2021,28,7460,16,1152,12,5970,0,338,14,2786,11,2512,14,5298,California
Mariposa,4/16/2021,58,7518,12,1164,46,6016,0,338,25,2778,33,2545,25,5323,California
Mariposa,4/17/2021,11,7529,6,1170,5,6021,0,338,8,2783,3,2548,8,5331,California
Mariposa,4/18/2021,6,7535,0,1170,6,6027,0,338,3,2783,3,2551,3,5334,California
Mariposa,4/19/2021,54,7589,24,1194,30,6057,0,338,29,2788,24,2575,29,5363,California
Mariposa,4/20/2021,62,7651,49,1243,13,6070,0,338,40,2809,19,2594,40,5403,California
Mariposa,4/21/2021,20,7671,12,1255,8,6078,0,338,9,2808,10,2604,9,5412,California
Mariposa,4/22/2021,23,7694,8,1263,15,6093,0,338,18,2822,4,2608,18,5430,California
Mariposa,4/23/2021,121,7815,66,1329,55,6148,0,338,111,2923,10,2618,111,5541,California
Mendocino,12/17/2020,70,70,70,70,0,0,0,0,70,70,0,0,70,70,California
Mendocino,12/18/2020,85,155,84,154,1,1,0,0,84,154,0,0,84,154,California
Mendocino,12/19/2020,4,159,4,158,0,1,0,0,4,158,0,0,4,158,California
Mendocino,12/20/2020,7,166,7,165,0,1,0,0,7,165,0,0,7,165,California
Mendocino,12/21/2020,244,410,244,409,0,1,0,0,77,242,0,0,77,242,California
Mendocino,12/22/2020,250,660,189,598,61,62,0,0,250,492,0,0,250,492,California
Mendocino,12/23/2020,270,930,47,645,223,285,0,0,269,761,0,0,269,761,California
Mendocino,12/24/2020,49,979,8,653,41,326,0,0,49,810,0,0,49,810,California
Mendocino,12/25/2020,1,980,0,653,1,327,0,0,1,811,0,0,1,811,California
Mendocino,12/26/2020,2,982,2,655,0,327,0,0,2,813,0,0,2,813,California
Mendocino,12/27/2020,1,983,0,655,1,328,0,0,1,814,0,0,1,814,California
Mendocino,12/28/2020,74,1057,9,664,65,393,0,0,74,888,0,0,74,888,California
Mendocino,12/29/2020,122,1179,61,725,61,454,0,0,122,1010,0,0,122,1010,California
Mendocino,12/30/2020,123,1302,68,793,55,509,0,0,123,1133,0,0,123,1133,California
Mendocino,12/31/2020,130,1432,95,888,35,544,0,0,130,1263,0,0,130,1263,California
Mendocino,1/1/2021,7,1439,5,893,2,546,0,0,7,1270,0,0,7,1270,California
Mendocino,1/2/2021,1,1440,1,894,0,546,0,0,1,1271,0,0,1,1271,California
Mendocino,1/4/2021,840,2280,19,913,821,1367,0,0,840,2111,0,0,840,2111,California
Mendocino,1/5/2021,71,2351,35,948,36,1403,0,0,58,2156,13,13,58,2169,California
Mendocino,1/6/2021,151,2502,129,1077,22,1425,0,0,141,2287,10,23,141,2310,California
Mendocino,1/7/2021,355,2857,235,1312,120,1545,0,0,292,2516,63,86,292,2602,California
Mendocino,1/8/2021,95,2952,82,1394,13,1558,0,0,41,2504,54,140,42,2644,California
Mendocino,1/9/2021,10,2962,6,1400,4,1562,0,0,8,2510,2,142,8,2652,California
Mendocino,1/10/2021,8,2970,8,1408,0,1562,0,0,1,2504,7,149,1,2653,California
Mendocino,1/11/2021,101,3071,92,1500,9,1571,0,0,43,2490,57,206,43,2696,California
Mendocino,1/12/2021,386,3457,376,1876,10,1581,0,0,270,2644,116,322,270,2966,California
Mendocino,1/13/2021,483,3940,145,2021,338,1919,0,0,442,3048,39,361,443,3409,California
Mendocino,1/14/2021,636,4576,20,2041,616,2535,0,0,627,3666,9,370,627,4036,California
Mendocino,1/15/2021,1856,6432,858,2899,998,3533,0,0,1852,5514,4,374,1852,5888,California
Mendocino,1/16/2021,791,7223,50,2949,741,4274,0,0,789,6301,2,376,789,6677,California
Mendocino,1/17/2021,554,7777,1,2950,553,4827,0,0,553,6853,1,377,553,7230,California
Mendocino,1/18/2021,488,8265,463,3413,25,4852,0,0,476,7317,12,389,476,7706,California
Mendocino,1/19/2021,332,8597,147,3560,185,5037,0,0,156,7297,176,565,156,7862,California
Mendocino,1/20/2021,552,9149,405,3965,147,5184,0,0,446,7640,104,669,447,8309,California
Mendocino,1/21/2021,535,9684,222,4187,313,5497,0,0,351,7808,183,852,351,8660,California
Mendocino,1/22/2021,149,9833,58,4245,91,5588,0,0,110,7879,39,891,110,8770,California
Mendocino,1/23/2021,155,9988,83,4328,72,5660,0,0,149,8022,6,897,149,8919,California
Mendocino,1/24/2021,5,9993,3,4331,2,5662,0,0,5,8027,0,897,5,8924,California
Mendocino,1/25/2021,191,10184,18,4349,173,5835,0,0,121,8078,70,967,121,9045,California
Mendocino,1/26/2021,157,10341,57,4406,100,5935,0,0,96,8113,61,1028,96,9141,California
Mendocino,1/27/2021,432,10773,362,4768,70,6005,0,0,174,8036,251,1279,174,9315,California
Mendocino,1/28/2021,585,11358,521,5289,64,6069,0,0,491,8433,94,1373,491,9806,California
Mendocino,1/29/2021,391,11749,350,5639,41,6110,0,0,362,8767,29,1402,363,10169,California
Mendocino,1/30/2021,48,11797,30,5669,18,6128,0,0,41,8801,7,1409,41,10210,California
Mendocino,1/31/2021,273,12070,2,5671,271,6399,0,0,3,8534,270,1679,3,10213,California
Mendocino,2/1/2021,381,12451,53,5724,328,6727,0,0,58,8269,323,2002,58,10271,California
Mendocino,2/2/2021,720,13171,501,6225,219,6946,0,0,362,8273,358,2360,362,10633,California
Mendocino,2/3/2021,391,13562,206,6431,185,7131,0,0,221,8326,168,2528,221,10854,California
Mendocino,2/4/2021,624,14186,528,6959,96,7227,0,0,500,8702,124,2652,500,11354,California
Mendocino,2/5/2021,1298,15484,1211,8170,87,7314,0,0,584,8573,713,3365,584,11938,California
Mendocino,2/6/2021,559,16043,158,8328,401,7715,0,0,544,9102,15,3380,544,12482,California
Mendocino,2/7/2021,32,16075,28,8356,4,7719,0,0,32,9134,0,3380,32,12514,California
Mendocino,2/8/2021,745,16820,714,9070,31,7750,0,0,284,8957,461,3841,284,12798,California
Mendocino,2/9/2021,141,16961,58,9128,83,7833,0,0,89,8994,52,3893,89,12887,California
Mendocino,2/10/2021,1480,18441,920,10048,560,8393,0,0,740,9000,734,4627,740,13627,California
Mendocino,2/11/2021,1133,19574,208,10256,925,9318,0,0,284,8435,849,5476,284,13911,California
Mendocino,2/12/2021,1401,20975,158,10414,1243,10561,0,0,636,8307,764,6240,636,14547,California
Mendocino,2/13/2021,496,21471,12,10426,484,11045,0,0,103,8023,392,6632,108,14655,California
Mendocino,2/14/2021,694,22165,3,10429,691,11736,0,0,134,7597,560,7192,134,14789,California
Mendocino,2/15/2021,329,22494,43,10472,286,12022,0,0,174,7616,155,7347,174,14963,California
Mendocino,2/16/2021,201,22695,51,10523,150,12172,0,0,131,7677,70,7417,131,15094,California
Mendocino,2/17/2021,1349,24044,1187,11710,162,12334,0,0,877,8084,470,7887,877,15971,California
Mendocino,2/18/2021,1780,25824,639,12349,1141,13475,0,0,1215,8735,564,8451,1215,17186,California
Mendocino,2/19/2021,749,26573,146,12495,603,14078,0,0,610,9206,139,8590,610,17796,California
Mendocino,2/20/2021,570,27143,544,13039,26,14104,0,0,540,9718,28,8618,540,18336,California
Mendocino,2/21/2021,326,27469,6,13045,320,14424,0,0,314,10021,11,8629,314,18650,California
Mendocino,2/22/2021,162,27631,30,13075,132,14556,0,0,70,10000,91,8720,70,18720,California
Mendocino,2/23/2021,672,28303,660,13735,12,14568,0,0,611,10551,60,8780,611,19331,California
Mendocino,2/24/2021,1838,30141,1759,15494,79,14647,0,0,1429,11577,405,9185,1431,20762,California
Mendocino,2/25/2021,1702,31843,531,16025,1171,15818,0,0,1284,12444,417,9602,1284,22046,California
Mendocino,2/26/2021,1400,33243,747,16772,653,16471,0,0,1037,13120,361,9963,1037,23083,California
Mendocino,2/27/2021,199,33442,151,16923,48,16519,0,0,76,13074,122,10085,76,23159,California
Mendocino,2/28/2021,34,33476,12,16935,22,16541,0,0,23,13086,11,10096,23,23182,California
Mendocino,3/1/2021,576,34052,533,17468,43,16584,0,0,539,13588,37,10133,539,23721,California
Mendocino,3/2/2021,70,34122,24,17492,46,16630,0,0,41,13601,28,10161,41,23762,California
Mendocino,3/3/2021,1703,35825,1326,18818,377,17007,0,0,1073,14046,628,10789,1073,24835,California
Mendocino,3/4/2021,1768,37593,146,18964,1622,18629,0,0,1551,15383,215,11004,1552,26387,California
Mendocino,3/5/2021,206,37799,145,19109,52,18681,9,9,117,15422,87,11091,126,26513,California
Mendocino,3/6/2021,241,38040,20,19129,196,18877,25,34,201,15609,39,11130,226,26739,California
Mendocino,3/7/2021,503,38543,6,19135,477,19354,20,54,116,15358,386,11516,135,26874,California
Mendocino,3/8/2021,124,38667,29,19164,59,19413,36,90,64,15400,58,11574,100,26974,California
Mendocino,3/9/2021,441,39108,224,19388,176,19589,41,131,346,15692,95,11669,387,27361,California
Mendocino,3/10/2021,1107,40215,978,20366,64,19653,65,196,267,15190,837,12506,335,27696,California
Mendocino,3/11/2021,820,41035,611,20977,156,19809,53,249,394,15213,424,12930,447,28143,California
Mendocino,3/12/2021,2015,43050,1029,22006,892,20701,94,343,1210,15719,798,13728,1304,29447,California
Mendocino,3/13/2021,653,43703,524,22530,72,20773,57,400,96,15319,553,14281,153,29600,California
Mendocino,3/14/2021,103,43806,2,22532,94,20867,7,407,11,15248,89,14370,18,29618,California
Mendocino,3/15/2021,596,44402,51,22583,488,21355,57,464,208,15126,387,14757,265,29883,California
Mendocino,3/16/2021,571,44973,374,22957,152,21507,45,509,139,14880,430,15187,184,30067,California
Mendocino,3/17/2021,1562,46535,1359,24316,56,21563,147,656,214,13903,1345,16532,368,30435,California
Mendocino,3/18/2021,1307,47842,248,24564,1021,22584,38,694,284,13209,1015,17547,321,30756,California
Mendocino,3/19/2021,1756,49598,857,25421,838,23422,61,755,334,12188,1418,18965,397,31153,California
Mendocino,3/20/2021,69,49667,11,25432,37,23459,21,776,13,12166,56,19021,34,31187,California
Mendocino,3/21/2021,8,49675,1,25433,2,23461,5,781,3,12169,5,19026,8,31195,California
Mendocino,3/22/2021,624,50299,580,26013,15,23476,29,810,146,11869,474,19500,174,31369,California
Mendocino,3/23/2021,166,50465,33,26046,103,23579,30,840,116,11965,50,19550,146,31515,California
Mendocino,3/24/2021,910,51375,839,26885,24,23603,47,887,115,11334,793,20343,162,31677,California
Mendocino,3/25/2021,1984,53359,50,26935,1915,25518,19,906,173,9717,1808,22151,191,31868,California
Mendocino,3/26/2021,505,53864,357,27292,123,25641,25,931,323,9883,182,22333,348,32216,California
Mendocino,3/27/2021,141,54005,12,27304,118,25759,11,942,82,9917,58,22391,92,32308,California
Mendocino,3/28/2021,26,54031,5,27309,17,25776,4,946,4,9903,22,22413,8,32316,California
Mendocino,3/29/2021,186,54217,97,27406,47,25823,42,988,95,9949,91,22504,137,32453,California
Mendocino,3/30/2021,681,54898,596,28002,48,25871,37,1025,417,10140,263,22767,454,32907,California
Mendocino,3/31/2021,862,55760,270,28272,533,26404,59,1084,409,10157,451,23218,468,33375,California
Mendocino,4/1/2021,1703,57463,393,28665,1232,27636,78,1162,378,9294,1318,24536,455,33830,California
Mendocino,4/2/2021,1282,58745,1054,29719,155,27791,73,1235,223,8534,1056,25592,296,34126,California
Mendocino,4/3/2021,703,59448,7,29726,675,28466,21,1256,87,8030,612,26204,108,34234,California
Mendocino,4/4/2021,69,59517,34,29760,29,28495,6,1262,54,8075,15,26219,60,34294,California
Mendocino,4/5/2021,209,59726,141,29901,44,28539,24,1286,129,8146,80,26299,151,34445,California
Mendocino,4/6/2021,381,60107,121,30022,179,28718,81,1367,106,8058,275,26574,187,34632,California
Mendocino,4/7/2021,473,60580,167,30189,63,28781,243,1610,114,8057,357,26931,356,34988,California
Mendocino,4/8/2021,1482,62062,910,31099,459,29240,113,1723,996,8686,481,27412,1110,36098,California
Mendocino,4/9/2021,750,62812,426,31525,170,29410,154,1877,395,8881,354,27766,549,36647,California
Mendocino,4/10/2021,141,62953,90,31615,6,29416,45,1922,86,8957,55,27821,131,36778,California
Mendocino,4/11/2021,121,63074,47,31662,18,29434,56,1978,58,9008,63,27884,114,36892,California
Mendocino,4/12/2021,615,63689,510,32172,46,29480,59,2037,411,9274,204,28088,470,37362,California
Mendocino,4/13/2021,286,63975,224,32396,62,29542,0,2037,220,9428,66,28154,220,37582,California
Mendocino,4/14/2021,509,64484,420,32816,89,29631,0,2037,408,9735,101,28255,408,37990,California
Mendocino,4/15/2021,652,65136,325,33141,327,29958,0,2037,394,9874,255,28510,394,38384,California
Mendocino,4/16/2021,120,65256,48,33189,72,30030,0,2037,72,9899,47,28557,72,38456,California
Mendocino,4/17/2021,57,65313,11,33200,46,30076,0,2037,47,9937,9,28566,47,38503,California
Mendocino,4/18/2021,7,65320,2,33202,5,30081,0,2037,4,9938,3,28569,4,38507,California
Mendocino,4/19/2021,513,65833,488,33690,25,30106,0,2037,433,10292,79,28648,433,38940,California
Mendocino,4/20/2021,390,66223,263,33953,127,30233,0,2037,262,10426,128,28776,262,39202,California
Mendocino,4/21/2021,163,66386,111,34064,52,30285,0,2037,108,10480,54,28830,108,39310,California
Mendocino,4/22/2021,432,66818,283,34347,149,30434,0,2037,313,10675,118,28948,313,39623,California
Mendocino,4/23/2021,588,67406,530,34877,58,30492,0,2037,528,11144,59,29007,528,40151,California
Merced,12/16/2020,3,3,3,3,0,0,0,0,3,3,0,0,3,3,California
Merced,12/17/2020,5,8,5,8,0,0,0,0,5,8,0,0,5,8,California
Merced,12/18/2020,145,153,145,153,0,0,0,0,145,153,0,0,145,153,California
Merced,12/19/2020,39,192,39,192,0,0,0,0,39,192,0,0,39,192,California
Merced,12/20/2020,17,209,17,209,0,0,0,0,17,209,0,0,17,209,California
Merced,12/21/2020,126,335,123,332,3,3,0,0,126,335,0,0,126,335,California
Merced,12/22/2020,153,488,153,485,0,3,0,0,153,488,0,0,153,488,California
Merced,12/23/2020,248,736,242,727,6,9,0,0,248,736,0,0,248,736,California
Merced,12/24/2020,71,807,71,798,0,9,0,0,71,807,0,0,71,807,California
Merced,12/25/2020,4,811,4,802,0,9,0,0,4,811,0,0,4,811,California
Merced,12/26/2020,6,817,3,805,3,12,0,0,6,817,0,0,6,817,California
Merced,12/27/2020,12,829,11,816,1,13,0,0,12,829,0,0,12,829,California
Merced,12/28/2020,122,951,98,914,24,37,0,0,122,951,0,0,122,951,California
Merced,12/29/2020,178,1129,123,1037,55,92,0,0,178,1129,0,0,178,1129,California
Merced,12/30/2020,215,1344,89,1126,126,218,0,0,215,1344,0,0,215,1344,California
Merced,12/31/2020,101,1445,34,1160,67,285,0,0,101,1445,0,0,101,1445,California
Merced,1/1/2021,2,1447,0,1160,2,287,0,0,2,1447,0,0,2,1447,California
Merced,1/2/2021,127,1574,117,1277,10,297,0,0,127,1574,0,0,127,1574,California
Merced,1/3/2021,9,1583,5,1282,4,301,0,0,9,1583,0,0,9,1583,California
Merced,1/4/2021,79,1662,41,1323,38,339,0,0,79,1662,0,0,79,1662,California
Merced,1/5/2021,317,1979,230,1553,87,426,0,0,311,1969,6,6,313,1975,California
Merced,1/6/2021,247,2226,98,1651,149,575,0,0,241,2204,6,12,241,2216,California
Merced,1/7/2021,183,2409,79,1730,104,679,0,0,173,2366,11,23,173,2389,California
Merced,1/8/2021,524,2933,393,2123,131,810,0,0,372,2587,151,174,372,2761,California
Merced,1/9/2021,23,2956,10,2133,13,823,0,0,17,2598,6,180,17,2778,California
Merced,1/10/2021,10,2966,6,2139,4,827,0,0,6,2600,4,184,6,2784,California
Merced,1/11/2021,224,3190,167,2306,57,884,0,0,101,2579,123,307,102,2886,California
Merced,1/12/2021,279,3469,156,2462,123,1007,0,0,229,2757,51,358,229,3115,California
Merced,1/13/2021,370,3839,173,2635,197,1204,0,0,220,2829,150,508,222,3337,California
Merced,1/14/2021,324,4163,200,2835,124,1328,0,0,159,2825,164,672,160,3497,California
Merced,1/15/2021,564,4727,125,2960,439,1767,0,0,526,3314,39,711,528,4025,California
Merced,1/16/2021,201,4928,122,3082,79,1846,0,0,196,3505,5,716,196,4221,California
Merced,1/17/2021,49,4977,12,3094,37,1883,0,0,48,3552,1,717,48,4269,California
Merced,1/18/2021,258,5235,126,3220,132,2015,0,0,236,3769,22,739,239,4508,California
Merced,1/19/2021,701,5936,579,3799,122,2137,0,0,531,4134,170,909,535,5043,California
Merced,1/20/2021,571,6507,466,4265,105,2242,0,0,515,4596,56,965,518,5561,California
Merced,1/21/2021,1004,7511,644,4909,360,2602,0,0,905,5405,99,1064,908,6469,California
Merced,1/22/2021,1297,8808,681,5590,616,3218,0,0,1271,6662,26,1090,1283,7752,California
Merced,1/23/2021,305,9113,183,5773,122,3340,0,0,200,6757,105,1195,200,7952,California
Merced,1/24/2021,32,9145,14,5787,18,3358,0,0,23,6772,8,1203,23,7975,California
Merced,1/25/2021,727,9872,242,6029,485,3843,0,0,667,7380,59,1262,667,8642,California
Merced,1/26/2021,905,10777,477,6506,428,4271,0,0,668,7839,210,1472,669,9311,California
Merced,1/27/2021,976,11753,583,7089,393,4664,0,0,814,8493,160,1632,814,10125,California
Merced,1/28/2021,1135,12888,591,7680,544,5208,0,0,1016,9391,119,1751,1017,11142,California
Merced,1/29/2021,845,13733,322,8002,523,5731,0,0,601,9757,237,1988,603,11745,California
Merced,1/30/2021,258,13991,27,8029,231,5962,0,0,243,9985,15,2003,243,11988,California
Merced,1/31/2021,45,14036,10,8039,35,5997,0,0,44,10028,1,2004,44,12032,California
Merced,2/1/2021,371,14407,52,8091,319,6316,0,0,324,10306,46,2050,324,12356,California
Merced,2/2/2021,290,14697,178,8269,112,6428,0,0,171,10361,117,2167,172,12528,California
Merced,2/3/2021,349,15046,71,8340,278,6706,0,0,169,10350,180,2347,169,12697,California
Merced,2/4/2021,369,15415,146,8486,223,6929,0,0,241,10465,127,2474,242,12939,California
Merced,2/5/2021,515,15930,174,8660,341,7270,0,0,275,10503,239,2713,277,13216,California
Merced,2/6/2021,388,16318,218,8878,170,7440,0,0,245,10607,142,2855,246,13462,California
Merced,2/7/2021,20,16338,12,8890,8,7448,0,0,13,10613,7,2862,13,13475,California
Merced,2/8/2021,279,16617,197,9087,82,7530,0,0,171,10677,108,2970,172,13647,California
Merced,2/9/2021,1212,17829,953,10040,259,7789,0,0,777,11028,427,3397,778,14425,California
Merced,2/10/2021,1848,19677,1431,11471,417,8206,0,0,1271,11730,569,3966,1271,15696,California
Merced,2/11/2021,2491,22168,1998,13469,493,8699,0,0,1809,12865,674,4640,1809,17505,California
Merced,2/12/2021,1709,23877,1011,14480,698,9397,0,0,752,12669,949,5589,753,18258,California
Merced,2/13/2021,355,24232,200,14680,155,9552,0,0,262,12841,92,5681,264,18522,California
Merced,2/14/2021,116,24348,26,14706,90,9642,0,0,95,12916,21,5702,96,18618,California
Merced,2/15/2021,272,24620,40,14746,232,9874,0,0,169,12988,98,5800,170,18788,California
Merced,2/16/2021,1209,25829,841,15587,368,10242,0,0,839,13476,353,6153,841,19629,California
Merced,2/17/2021,1868,27697,1625,17212,243,10485,0,0,1308,14240,546,6699,1310,20939,California
Merced,2/18/2021,1197,28894,808,18020,389,10874,0,0,395,13853,782,7481,395,21334,California
Merced,2/19/2021,1251,30145,405,18425,846,11720,0,0,528,13666,717,8198,530,21864,California
Merced,2/20/2021,274,30419,31,18456,243,11963,0,0,140,13674,132,8330,140,22004,California
Merced,2/21/2021,73,30492,59,18515,14,11977,0,0,29,13659,44,8374,29,22033,California
Merced,2/22/2021,825,31317,292,18807,533,12510,0,0,480,13795,344,8718,480,22513,California
Merced,2/23/2021,1070,32387,414,19221,656,13166,0,0,631,13991,435,9153,631,23144,California
Merced,2/24/2021,812,33199,300,19521,512,13678,0,0,443,14075,360,9513,444,23588,California
Merced,2/25/2021,1749,34948,860,20381,889,14567,0,0,1299,14929,447,9960,1301,24889,California
Merced,2/26/2021,2125,37073,1359,21740,766,15333,0,0,1717,16241,406,10366,1718,26607,California
Merced,2/27/2021,2500,39573,1086,22826,1413,16746,1,1,2216,18174,283,10649,2216,28823,California
Merced,2/28/2021,298,39871,71,22897,227,16973,0,1,251,18381,44,10693,251,29074,California
Merced,3/1/2021,1106,40977,277,23174,829,17802,0,1,771,18824,328,11021,771,29845,California
Merced,3/2/2021,1703,42680,863,24037,839,18641,1,2,1320,19767,378,11399,1321,31166,California
Merced,3/3/2021,2196,44876,1713,25750,482,19123,1,3,1445,20476,737,12136,1446,32612,California
Merced,3/4/2021,2872,47748,2262,28012,608,19731,2,5,1908,21439,947,13083,1910,34522,California
Merced,3/5/2021,2051,49799,1183,29195,845,20576,23,28,1515,22454,524,13607,1539,36061,California
Merced,3/6/2021,1148,50947,647,29842,479,21055,22,50,894,23117,253,13860,916,36977,California
Merced,3/7/2021,224,51171,62,29904,137,21192,25,75,195,23308,29,13889,220,37197,California
Merced,3/8/2021,1197,52368,601,30505,531,21723,65,140,986,24148,210,14099,1050,38247,California
Merced,3/9/2021,1673,54041,992,31497,575,22298,106,246,1086,24759,582,14681,1193,39440,California
Merced,3/10/2021,2676,56717,1855,33352,621,22919,200,446,1610,25520,1054,15735,1815,41255,California
Merced,3/11/2021,1823,58540,616,33968,1001,23920,206,652,1216,26369,596,16331,1445,42700,California
Merced,3/12/2021,2178,60718,888,34856,1021,24941,269,921,1471,27417,704,17035,1752,44452,California
Merced,3/13/2021,720,61438,309,35165,169,25110,242,1163,414,27776,298,17333,657,45109,California
Merced,3/14/2021,248,61686,135,35300,83,25193,30,1193,150,27860,97,17430,181,45290,California
Merced,3/15/2021,1484,63170,489,35789,742,25935,253,1446,971,28578,505,17935,1223,46513,California
Merced,3/16/2021,1420,64590,679,36468,518,26453,223,1669,941,29270,470,18405,1162,47675,California
Merced,3/17/2021,1925,66515,1028,37496,719,27172,178,1847,1484,30500,434,18839,1664,49339,California
Merced,3/18/2021,1982,68497,1123,38619,713,27885,146,1993,1369,31421,605,19444,1526,50865,California
Merced,3/19/2021,2650,71147,1443,40062,1014,28899,193,2186,1378,31730,1264,20708,1573,52438,California
Merced,3/20/2021,2326,73473,1416,41478,521,29420,389,2575,904,31611,1416,22124,1297,53735,California
Merced,3/21/2021,556,74029,342,41820,201,29621,13,2588,437,31944,119,22243,452,54187,California
Merced,3/22/2021,1260,75289,627,42447,557,30178,76,2664,890,32548,363,22606,967,55154,California
Merced,3/23/2021,1807,77096,1089,43536,654,30832,64,2728,1334,33477,470,23076,1399,56553,California
Merced,3/24/2021,1279,78375,761,44297,484,31316,34,2762,888,34014,384,23460,921,57474,California
Merced,3/25/2021,3281,81656,2253,46550,1006,32322,22,2784,2061,34887,1212,24672,2085,59559,California
Merced,3/26/2021,1902,83558,1068,47618,800,33122,34,2818,877,34781,1017,25689,911,60470,California
Merced,3/27/2021,2814,86372,1567,49185,1190,34312,57,2875,1189,34412,1615,27304,1246,61716,California
Merced,3/28/2021,508,86880,210,49395,291,34603,7,2882,211,34336,296,27600,220,61936,California
Merced,3/29/2021,1538,88418,519,49914,858,35461,161,3043,655,34279,877,28477,820,62756,California
Merced,3/30/2021,2062,90480,783,50697,1220,36681,59,3102,922,34125,1135,29612,981,63737,California
Merced,3/31/2021,2096,92576,1394,52091,668,37349,34,3136,937,33951,1145,30757,971,64708,California
Merced,4/1/2021,2000,94576,886,52977,1007,38356,107,3243,844,33755,1149,31906,953,65661,California
Merced,4/2/2021,2242,96818,606,53583,1234,39590,402,3645,705,33343,1522,33428,1110,66771,California
Merced,4/3/2021,727,97545,342,53925,375,39965,10,3655,332,33293,394,33822,344,67115,California
Merced,4/4/2021,365,97910,141,54066,220,40185,4,3659,141,33217,223,34045,147,67262,California
Merced,4/5/2021,1206,99116,552,54618,443,40628,211,3870,395,33013,809,34854,605,67867,California
Merced,4/6/2021,2201,101317,710,55328,676,41304,815,4685,716,33063,1482,36336,1532,69399,California
Merced,4/7/2021,1594,102911,850,56178,637,41941,107,4792,561,32709,1023,37359,669,70068,California
Merced,4/8/2021,2176,105087,1099,57277,864,42805,213,5005,741,32256,1405,38764,952,71020,California
Merced,4/9/2021,1661,106748,462,57739,620,43425,579,5584,560,32313,1084,39848,1141,72161,California
Merced,4/10/2021,657,107405,342,58081,132,43557,183,5767,168,32178,485,40333,350,72511,California
Merced,4/11/2021,487,107892,279,58360,73,43630,135,5902,148,32125,337,40670,284,72795,California
Merced,4/12/2021,1336,109228,856,59216,362,43992,118,6020,777,32494,526,41196,895,73690,California
Merced,4/13/2021,1996,111224,1437,60653,556,44548,3,6023,934,32452,983,42179,941,74631,California
Merced,4/14/2021,1920,113144,1106,61759,814,45362,0,6023,892,32443,903,43082,894,75525,California
Merced,4/15/2021,2982,116126,1954,63713,1028,46390,0,6023,950,31585,1812,44894,954,76479,California
Merced,4/16/2021,2282,118408,1134,64847,1148,47538,0,6023,910,31214,1281,46175,910,77389,California
Merced,4/17/2021,1231,119639,779,65626,452,47990,0,6023,384,30756,842,47017,384,77773,California
Merced,4/18/2021,468,120107,249,65875,219,48209,0,6023,192,30698,250,47267,192,77965,California
Merced,4/19/2021,1240,121347,731,66606,509,48718,0,6023,687,30927,458,47725,687,78652,California
Merced,4/20/2021,1303,122650,729,67335,574,49292,0,6023,754,31200,481,48206,754,79406,California
Merced,4/21/2021,1334,123984,865,68200,469,49761,0,6023,708,31393,515,48721,708,80114,California
Merced,4/22/2021,1424,125408,667,68867,757,50518,0,6023,712,31462,643,49364,712,80826,California
Merced,4/23/2021,661,126069,95,68962,566,51084,0,6023,387,31586,263,49627,387,81213,California
Modoc,12/16/2020,1,1,1,1,0,0,0,0,1,1,0,0,1,1,California
Modoc,12/21/2020,100,101,100,101,0,0,0,0,100,101,0,0,100,101,California
Modoc,12/22/2020,14,115,14,115,0,0,0,0,14,115,0,0,14,115,California
Modoc,12/23/2020,4,119,4,119,0,0,0,0,4,119,0,0,4,119,California
Modoc,12/24/2020,1,120,1,120,0,0,0,0,1,120,0,0,1,120,California
Modoc,12/28/2020,2,122,2,122,0,0,0,0,2,122,0,0,2,122,California
Modoc,12/29/2020,10,132,1,123,9,9,0,0,10,132,0,0,10,132,California
Modoc,12/30/2020,7,139,0,123,7,16,0,0,7,139,0,0,7,139,California
Modoc,1/2/2021,2,141,0,123,2,18,0,0,2,141,0,0,2,141,California
Modoc,1/4/2021,8,149,0,123,8,26,0,0,8,149,0,0,8,149,California
Modoc,1/5/2021,2,151,1,124,1,27,0,0,2,151,0,0,2,151,California
Modoc,1/6/2021,3,154,2,126,1,28,0,0,2,152,1,1,2,153,California
Modoc,1/7/2021,72,226,0,126,72,100,0,0,72,224,0,1,72,225,California
Modoc,1/8/2021,105,331,0,126,105,205,0,0,105,329,0,1,105,330,California
Modoc,1/10/2021,1,332,1,127,0,205,0,0,0,328,1,2,0,330,California
Modoc,1/11/2021,91,423,82,209,9,214,0,0,19,275,72,74,19,349,California
Modoc,1/12/2021,94,517,25,234,69,283,0,0,68,317,26,100,68,417,California
Modoc,1/13/2021,24,541,4,238,20,303,0,0,22,337,2,102,22,439,California
Modoc,1/14/2021,129,670,6,244,123,426,0,0,124,456,5,107,124,563,California
Modoc,1/15/2021,6,676,1,245,5,431,0,0,6,462,0,107,6,569,California
Modoc,1/16/2021,1,677,1,246,0,431,0,0,1,463,0,107,1,570,California
Modoc,1/18/2021,1,678,1,247,0,431,0,0,1,464,0,107,1,571,California
Modoc,1/19/2021,5,683,3,250,2,433,0,0,3,465,2,109,3,574,California
Modoc,1/20/2021,11,694,1,251,10,443,0,0,11,476,0,109,11,585,California
Modoc,1/21/2021,157,851,2,253,155,598,0,0,157,633,0,109,157,742,California
Modoc,1/22/2021,2,853,0,253,2,600,0,0,2,635,0,109,2,744,California
Modoc,1/25/2021,11,864,0,253,11,611,0,0,11,646,0,109,11,755,California
Modoc,1/26/2021,65,929,1,254,64,675,0,0,65,711,0,109,65,820,California
Modoc,1/27/2021,41,970,2,256,39,714,0,0,25,720,16,125,25,845,California
Modoc,1/28/2021,144,1114,1,257,143,857,0,0,144,864,0,125,144,989,California
Modoc,1/29/2021,3,1117,1,258,2,859,0,0,3,867,0,125,3,992,California
Modoc,2/1/2021,25,1142,12,270,13,872,0,0,11,864,14,139,11,1003,California
Modoc,2/2/2021,170,1312,2,272,168,1040,0,0,167,1028,3,142,167,1170,California
Modoc,2/3/2021,18,1330,13,285,5,1045,0,0,11,1032,7,149,11,1181,California
Modoc,2/4/2021,155,1485,4,289,151,1196,0,0,27,931,128,277,27,1208,California
Modoc,2/5/2021,4,1489,3,292,1,1197,0,0,3,933,1,278,3,1211,California
Modoc,2/8/2021,9,1498,2,294,7,1204,0,0,8,940,1,279,8,1219,California
Modoc,2/9/2021,198,1696,13,307,185,1389,0,0,66,874,132,411,66,1285,California
Modoc,2/10/2021,5,1701,2,309,3,1392,0,0,4,877,1,412,4,1289,California
Modoc,2/11/2021,201,1902,3,312,198,1590,0,0,83,842,118,530,83,1372,California
Modoc,2/12/2021,4,1906,0,312,4,1594,0,0,2,842,2,532,2,1374,California
Modoc,2/13/2021,1,1907,0,312,1,1595,0,0,1,843,0,532,1,1375,California
Modoc,2/16/2021,147,2054,6,318,141,1736,0,0,143,982,4,536,143,1518,California
Modoc,2/17/2021,24,2078,1,319,23,1759,0,0,12,982,12,548,12,1530,California
Modoc,2/18/2021,188,2266,2,321,186,1945,0,0,25,846,162,710,26,1556,California
Modoc,2/19/2021,2,2268,2,323,0,1945,0,0,2,848,0,710,2,1558,California
Modoc,2/20/2021,1,2269,1,324,0,1945,0,0,1,849,0,710,1,1559,California
Modoc,2/22/2021,17,2286,9,333,8,1953,0,0,3,838,14,724,3,1562,California
Modoc,2/23/2021,20,2306,2,335,18,1971,0,0,1,820,19,743,1,1563,California
Modoc,2/24/2021,90,2396,1,336,89,2060,0,0,30,790,60,803,30,1593,California
Modoc,2/25/2021,169,2565,1,337,168,2228,0,0,13,647,156,959,13,1606,California
Modoc,2/26/2021,3,2568,0,337,3,2231,0,0,1,646,2,961,1,1607,California
Modoc,2/27/2021,5,2573,5,342,0,2231,0,0,2,645,3,964,2,1609,California
Modoc,3/1/2021,4,2577,0,342,4,2235,0,0,0,641,4,968,0,1609,California
Modoc,3/2/2021,193,2770,12,354,181,2416,0,0,26,500,167,1135,26,1635,California
Modoc,3/3/2021,12,2782,6,360,6,2422,0,0,2,492,10,1145,2,1637,California
Modoc,3/4/2021,175,2957,2,362,173,2595,0,0,148,613,27,1172,148,1785,California
Modoc,3/5/2021,4,2961,3,365,1,2596,0,0,2,613,2,1174,2,1787,California
Modoc,3/6/2021,10,2971,0,365,0,2596,10,10,0,613,10,1184,10,1797,California
Modoc,3/7/2021,6,2977,1,366,0,2596,5,15,1,614,5,1189,6,1803,California
Modoc,3/8/2021,7,2984,1,367,2,2598,4,19,1,613,6,1195,5,1808,California
Modoc,3/9/2021,126,3110,10,377,108,2706,8,27,61,617,65,1260,69,1877,California
Modoc,3/10/2021,9,3119,3,380,2,2708,4,31,4,620,5,1265,8,1885,California
Modoc,3/11/2021,207,3326,0,380,99,2807,108,139,22,565,185,1450,130,2015,California
Modoc,3/12/2021,10,3336,1,381,4,2811,5,144,4,568,6,1456,9,2024,California
Modoc,3/13/2021,4,3340,0,381,1,2812,3,147,1,569,3,1459,4,2028,California
Modoc,3/15/2021,12,3352,1,382,10,2822,1,148,10,578,2,1461,11,2039,California
Modoc,3/16/2021,173,3525,1,383,168,2990,4,152,42,492,131,1592,45,2084,California
Modoc,3/17/2021,10,3535,1,384,4,2994,5,157,2,491,8,1600,7,2091,California
Modoc,3/18/2021,66,3601,1,385,58,3052,7,164,34,500,32,1632,41,2132,California
Modoc,3/19/2021,5,3606,0,385,0,3052,5,169,0,500,5,1637,5,2137,California
Modoc,3/20/2021,6,3612,2,387,1,3053,3,172,1,499,5,1642,4,2141,California
Modoc,3/21/2021,4,3616,1,388,1,3054,2,174,2,501,2,1644,4,2145,California
Modoc,3/22/2021,18,3634,1,389,11,3065,6,180,12,513,6,1650,18,2163,California
Modoc,3/23/2021,35,3669,5,394,27,3092,3,183,27,535,8,1658,30,2193,California
Modoc,3/24/2021,29,3698,1,395,18,3110,10,193,2,520,27,1685,12,2205,California
Modoc,3/25/2021,76,3774,1,396,73,3183,2,195,44,534,32,1717,46,2251,California
Modoc,3/26/2021,7,3781,2,398,2,3185,3,198,2,534,5,1722,5,2256,California
Modoc,3/27/2021,2,3783,0,398,1,3186,1,199,1,535,1,1723,2,2258,California
Modoc,3/28/2021,2,3785,1,399,0,3186,1,200,0,534,2,1725,1,2259,California
Modoc,3/29/2021,14,3799,1,400,5,3191,8,208,5,538,9,1734,13,2272,California
Modoc,3/30/2021,56,3855,10,410,39,3230,7,215,22,533,34,1768,29,2301,California
Modoc,3/31/2021,9,3864,3,413,2,3232,4,219,3,534,6,1774,7,2308,California
Modoc,4/1/2021,170,4034,3,416,162,3394,5,224,35,439,135,1909,40,2348,California
Modoc,4/2/2021,4,4038,0,416,1,3395,3,227,0,439,3,1912,3,2351,California
Modoc,4/3/2021,4,4042,2,418,0,3395,2,229,2,441,2,1914,4,2355,California
Modoc,4/5/2021,9,4051,0,418,9,3404,0,229,9,450,0,1914,9,2364,California
Modoc,4/6/2021,24,4075,5,423,9,3413,10,239,6,448,18,1932,16,2380,California
Modoc,4/7/2021,11,4086,1,424,4,3417,6,245,3,449,8,1940,9,2389,California
Modoc,4/8/2021,97,4183,1,425,93,3510,3,248,26,407,71,2011,29,2418,California
Modoc,4/9/2021,11,4194,2,427,6,3516,3,251,2,402,9,2020,4,2422,California
Modoc,4/10/2021,5,4199,0,427,1,3517,4,255,0,401,5,2025,4,2426,California
Modoc,4/11/2021,2,4201,2,429,0,3517,0,255,1,401,1,2026,1,2427,California
Modoc,4/12/2021,14,4215,1,430,9,3526,4,259,1,395,11,2037,5,2432,California
Modoc,4/13/2021,28,4243,27,457,1,3527,0,259,21,409,7,2044,21,2453,California
Modoc,4/14/2021,2,4245,2,459,0,3527,0,259,1,409,1,2045,1,2454,California
Modoc,4/15/2021,99,4344,0,459,99,3626,0,259,26,362,73,2118,26,2480,California
Modoc,4/16/2021,4,4348,4,463,0,3626,0,259,3,364,1,2119,3,2483,California
Modoc,4/17/2021,2,4350,2,465,0,3626,0,259,2,366,0,2119,2,2485,California
Modoc,4/18/2021,1,4351,0,465,1,3627,0,259,1,367,0,2119,1,2486,California
Modoc,4/19/2021,7,4358,1,466,6,3633,0,259,2,364,5,2124,2,2488,California
Modoc,4/20/2021,27,4385,2,468,25,3658,0,259,9,355,18,2142,9,2497,California
Modoc,4/21/2021,1,4386,1,469,0,3658,0,259,0,354,1,2143,0,2497,California
Modoc,4/22/2021,90,4476,2,471,88,3746,0,259,33,331,57,2200,34,2531,California
Modoc,4/23/2021,3,4479,0,471,3,3749,0,259,2,332,1,2201,2,2533,California
Mono,12/18/2020,1,1,1,1,0,0,0,0,1,1,0,0,1,1,California
Mono,12/19/2020,5,6,5,6,0,0,0,0,5,6,0,0,5,6,California
Mono,12/20/2020,7,13,7,13,0,0,0,0,7,13,0,0,7,13,California
Mono,12/21/2020,24,37,17,30,7,7,0,0,24,37,0,0,24,37,California
Mono,12/22/2020,66,103,65,95,1,8,0,0,66,103,0,0,66,103,California
Mono,12/23/2020,70,173,42,137,28,36,0,0,70,173,0,0,70,173,California
Mono,12/24/2020,3,176,1,138,2,38,0,0,3,176,0,0,3,176,California
Mono,12/26/2020,3,179,3,141,0,38,0,0,3,179,0,0,3,179,California
Mono,12/28/2020,94,273,63,204,31,69,0,0,94,273,0,0,94,273,California
Mono,12/29/2020,29,302,29,233,0,69,0,0,29,302,0,0,29,302,California
Mono,12/30/2020,76,378,35,268,41,110,0,0,76,378,0,0,76,378,California
Mono,12/31/2020,4,382,1,269,3,113,0,0,4,382,0,0,4,382,California
Mono,1/1/2021,4,386,4,273,0,113,0,0,4,386,0,0,4,386,California
Mono,1/2/2021,2,388,2,275,0,113,0,0,2,388,0,0,2,388,California
Mono,1/4/2021,1,389,0,275,1,114,0,0,1,389,0,0,1,389,California
Mono,1/5/2021,45,434,2,277,43,157,0,0,44,432,1,1,44,433,California
Mono,1/6/2021,44,478,0,277,44,201,0,0,44,476,0,1,44,477,California
Mono,1/7/2021,55,533,3,280,52,253,0,0,54,529,1,2,54,531,California
Mono,1/8/2021,2,535,1,281,1,254,0,0,1,529,1,3,1,532,California
Mono,1/9/2021,4,539,4,285,0,254,0,0,0,525,4,7,0,532,California
Mono,1/10/2021,5,544,5,290,0,254,0,0,0,520,5,12,0,532,California
Mono,1/11/2021,8,552,5,295,3,257,0,0,4,520,4,16,4,536,California
Mono,1/12/2021,282,834,75,370,207,464,0,0,218,675,63,79,218,754,California
Mono,1/13/2021,233,1067,73,443,160,624,0,0,178,798,55,134,178,932,California
Mono,1/14/2021,73,1140,71,514,2,626,0,0,73,871,0,134,73,1005,California
Mono,1/15/2021,62,1202,2,516,60,686,0,0,62,933,0,134,62,1067,California
Mono,1/16/2021,4,1206,3,519,1,687,0,0,1,931,3,137,1,1068,California
Mono,1/18/2021,63,1269,54,573,9,696,0,0,2,872,61,198,2,1070,California
Mono,1/19/2021,209,1478,207,780,2,698,0,0,171,1006,38,236,172,1242,California
Mono,1/20/2021,230,1708,199,979,31,729,0,0,169,1114,61,297,169,1411,California
Mono,1/21/2021,3,1711,3,982,0,729,0,0,3,1117,0,297,3,1414,California
Mono,1/22/2021,4,1715,0,982,4,733,0,0,4,1121,0,297,4,1418,California
Mono,1/23/2021,595,2310,595,1577,0,733,0,0,594,1714,1,298,594,2012,California
Mono,1/25/2021,205,2515,167,1744,38,771,0,0,166,1841,39,337,166,2178,California
Mono,1/26/2021,507,3022,505,2249,2,773,0,0,501,2336,6,343,501,2679,California
Mono,1/27/2021,5,3027,1,2250,4,777,0,0,5,2341,0,343,5,2684,California
Mono,1/28/2021,7,3034,3,2253,4,781,0,0,3,2340,4,347,3,2687,California
Mono,1/30/2021,202,3236,200,2453,2,783,0,0,201,2540,1,348,201,2888,California
Mono,1/31/2021,243,3479,138,2591,105,888,0,0,139,2575,104,452,139,3027,California
Mono,2/1/2021,27,3506,27,2618,0,888,0,0,0,2548,27,479,0,3027,California
Mono,2/2/2021,5,3511,0,2618,5,893,0,0,2,2547,3,482,2,3029,California
Mono,2/3/2021,4,3515,2,2620,2,895,0,0,2,2547,2,484,2,3031,California
Mono,2/4/2021,211,3726,158,2778,53,948,0,0,90,2516,121,605,90,3121,California
Mono,2/5/2021,619,4345,613,3391,6,954,0,0,616,3129,3,608,616,3737,California
Mono,2/6/2021,139,4484,138,3529,1,955,0,0,137,3264,2,610,137,3874,California
Mono,2/7/2021,2,4486,0,3529,2,957,0,0,2,3266,0,610,2,3876,California
Mono,2/8/2021,171,4657,171,3700,0,957,0,0,15,3126,155,765,15,3891,California
Mono,2/9/2021,226,4883,6,3706,220,1177,0,0,14,2928,212,977,14,3905,California
Mono,2/10/2021,536,5419,186,3892,350,1527,0,0,194,2781,342,1319,195,4100,California
Mono,2/11/2021,7,5426,4,3896,3,1530,0,0,2,2778,5,1324,2,4102,California
Mono,2/12/2021,84,5510,20,3916,64,1594,0,0,26,2746,58,1382,26,4128,California
Mono,2/13/2021,586,6096,586,4502,0,1594,0,0,25,2211,560,1942,25,4153,California
Mono,2/15/2021,168,6264,166,4668,2,1596,0,0,3,2051,163,2105,3,4156,California
Mono,2/16/2021,518,6782,515,5183,3,1599,0,0,45,1626,470,2575,45,4201,California
Mono,2/17/2021,5,6787,1,5184,4,1603,0,0,1,1623,4,2579,1,4202,California
Mono,2/18/2021,3,6790,2,5186,1,1604,0,0,2,1624,1,2580,2,4204,California
Mono,2/19/2021,54,6844,53,5239,1,1605,0,0,54,1678,0,2580,54,4258,California
Mono,2/20/2021,4,6848,4,5243,0,1605,0,0,4,1682,0,2580,4,4262,California
Mono,2/21/2021,3,6851,3,5246,0,1605,0,0,3,1685,0,2580,3,4265,California
Mono,2/22/2021,285,7136,284,5530,1,1606,0,0,24,1449,260,2840,24,4289,California
Mono,2/23/2021,135,7271,115,5645,20,1626,0,0,22,1358,113,2953,22,4311,California
Mono,2/24/2021,8,7279,3,5648,5,1631,0,0,2,1354,6,2959,2,4313,California
Mono,2/25/2021,5,7284,2,5650,3,1634,0,0,3,1356,1,2960,3,4316,California
Mono,2/26/2021,600,7884,599,6249,1,1635,0,0,20,797,579,3539,20,4336,California
Mono,2/27/2021,141,8025,137,6386,4,1639,0,0,4,667,134,3673,4,4340,California
Mono,3/1/2021,2,8027,2,6388,0,1639,0,0,1,668,0,3673,1,4341,California
Mono,3/2/2021,5,8032,3,6391,2,1641,0,0,3,669,2,3675,3,4344,California
Mono,3/3/2021,82,8114,2,6393,80,1721,0,0,79,746,2,3677,79,4423,California
Mono,3/4/2021,4,8118,0,6393,4,1725,0,0,2,746,2,3679,2,4425,California
Mono,3/5/2021,37,8155,27,6420,10,1735,0,0,14,737,23,3702,14,4439,California
Mono,3/6/2021,509,8664,16,6436,493,2228,0,0,503,1235,5,3707,503,4942,California
Mono,3/7/2021,1,8665,0,6436,1,2229,0,0,0,1234,1,3708,0,4942,California
Mono,3/8/2021,540,9205,11,6447,526,2755,3,3,531,1759,9,3717,534,5476,California
Mono,3/9/2021,6,9211,2,6449,3,2758,1,4,3,1761,2,3719,4,5480,California
Mono,3/10/2021,286,9497,91,6540,192,2950,3,7,10,1500,274,3993,13,5493,California
Mono,3/11/2021,11,9508,0,6540,1,2951,10,17,0,1499,11,4004,10,5503,California
Mono,3/12/2021,7,9515,1,6541,1,2952,5,22,0,1497,7,4011,5,5508,California
Mono,3/13/2021,826,10341,389,6930,437,3389,0,22,818,2307,8,4019,818,6326,California
Mono,3/14/2021,4,10345,4,6934,0,3389,0,22,1,2305,3,4022,1,6327,California
Mono,3/15/2021,29,10374,23,6957,1,3390,5,27,12,2306,16,4038,17,6344,California
Mono,3/16/2021,16,10390,6,6963,4,3394,6,33,8,2312,8,4046,14,6358,California
Mono,3/17/2021,32,10422,3,6966,21,3415,8,41,21,2330,11,4057,29,6387,California
Mono,3/18/2021,21,10443,2,6968,11,3426,8,49,9,2335,12,4069,17,6404,California
Mono,3/19/2021,21,10464,1,6969,17,3443,3,52,17,2352,3,4072,20,6424,California
Mono,3/20/2021,5,10469,3,6972,1,3444,1,53,4,2356,1,4073,5,6429,California
Mono,3/21/2021,1,10470,1,6973,0,3444,0,53,1,2357,0,4073,1,6430,California
Mono,3/22/2021,11,10481,0,6973,6,3450,5,58,5,2361,6,4079,10,6440,California
Mono,3/23/2021,42,10523,5,6978,32,3482,5,63,19,2362,23,4102,24,6464,California
Mono,3/24/2021,12,10535,1,6979,6,3488,5,68,6,2367,6,4108,11,6475,California
Mono,3/25/2021,18,10553,2,6981,12,3500,4,72,12,2377,6,4114,16,6491,California
Mono,3/26/2021,19,10572,3,6984,11,3511,5,77,10,2384,8,4122,15,6506,California
Mono,3/27/2021,354,10926,351,7335,3,3514,0,77,328,2686,26,4148,328,6834,California
Mono,3/28/2021,1,10927,1,7336,0,3514,0,77,1,2687,0,4148,1,6835,California
Mono,3/29/2021,10,10937,3,7339,6,3520,1,78,8,2694,2,4150,9,6844,California
Mono,3/30/2021,15,10952,0,7339,11,3531,4,82,10,2703,5,4155,14,6858,California
Mono,3/31/2021,125,11077,7,7346,117,3648,1,83,46,2672,78,4233,47,6905,California
Mono,4/1/2021,8,11085,0,7346,7,3655,1,84,3,2671,5,4238,4,6909,California
Mono,4/2/2021,17,11102,2,7348,15,3670,0,84,6,2666,11,4249,6,6915,California
Mono,4/3/2021,849,11951,366,7714,483,4153,0,84,35,1888,813,5062,35,6950,California
Mono,4/5/2021,529,12480,17,7731,511,4664,1,85,31,1423,497,5559,32,6982,California
Mono,4/6/2021,20,12500,2,7733,5,4669,13,98,2,1420,18,5577,15,6997,California
Mono,4/7/2021,23,12523,2,7735,2,4671,19,117,3,1422,20,5597,22,7019,California
Mono,4/8/2021,21,12544,2,7737,2,4673,17,134,3,1424,18,5615,20,7039,California
Mono,4/9/2021,37,12581,4,7741,4,4677,29,163,7,1430,30,5645,36,7075,California
Mono,4/10/2021,446,13027,2,7743,437,5114,7,170,28,1047,418,6063,35,7110,California
Mono,4/11/2021,1,13028,1,7744,0,5114,0,170,0,1046,1,6064,0,7110,California
Mono,4/12/2021,6,13034,0,7744,3,5117,3,173,3,1049,3,6067,6,7116,California
Mono,4/13/2021,18,13052,2,7746,15,5132,1,174,12,1056,6,6073,13,7129,California
Mono,4/14/2021,26,13078,1,7747,25,5157,0,174,7,1044,19,6092,7,7136,California
Mono,4/15/2021,18,13096,3,7750,15,5172,0,174,9,1044,9,6101,9,7145,California
Mono,4/16/2021,14,13110,1,7751,13,5185,0,174,5,1040,9,6110,5,7150,California
Mono,4/17/2021,51,13161,2,7753,49,5234,0,174,44,1077,7,6117,44,7194,California
Mono,4/18/2021,2,13163,1,7754,1,5235,0,174,2,1079,0,6117,2,7196,California
Mono,4/19/2021,527,13690,320,8074,207,5442,0,174,200,954,325,6442,200,7396,California
Mono,4/20/2021,16,13706,2,8076,14,5456,0,174,11,960,5,6447,11,7407,California
Mono,4/21/2021,10,13716,1,8077,9,5465,0,174,3,956,7,6454,3,7410,California
Mono,4/22/2021,30,13746,15,8092,15,5480,0,174,12,950,18,6472,12,7422,California
Mono,4/23/2021,4,13750,2,8094,2,5482,0,174,1,948,3,6475,1,7423,California
Monterey,12/16/2020,4,4,4,4,0,0,0,0,4,4,0,0,4,4,California
Monterey,12/17/2020,83,87,83,87,0,0,0,0,83,87,0,0,83,87,California
Monterey,12/18/2020,481,568,481,568,0,0,0,0,481,568,0,0,481,568,California
Monterey,12/19/2020,579,1147,579,1147,0,0,0,0,579,1147,0,0,579,1147,California
Monterey,12/20/2020,422,1569,422,1569,0,0,0,0,422,1569,0,0,422,1569,California
Monterey,12/21/2020,719,2288,719,2288,0,0,0,0,719,2288,0,0,719,2288,California
Monterey,12/22/2020,533,2821,520,2808,13,13,0,0,533,2821,0,0,533,2821,California
Monterey,12/23/2020,436,3257,261,3069,175,188,0,0,436,3257,0,0,436,3257,California
Monterey,12/24/2020,84,3341,10,3079,74,262,0,0,84,3341,0,0,84,3341,California
Monterey,12/25/2020,6,3347,0,3079,6,268,0,0,6,3347,0,0,6,3347,California
Monterey,12/26/2020,92,3439,5,3084,87,355,0,0,92,3439,0,0,92,3439,California
Monterey,12/27/2020,7,3446,4,3088,3,358,0,0,7,3446,0,0,7,3446,California
Monterey,12/28/2020,475,3921,25,3113,450,808,0,0,475,3921,0,0,475,3921,California
Monterey,12/29/2020,900,4821,167,3280,733,1541,0,0,900,4821,0,0,900,4821,California
Monterey,12/30/2020,568,5389,98,3378,470,2011,0,0,568,5389,0,0,568,5389,California
Monterey,12/31/2020,34,5423,11,3389,23,2034,0,0,34,5423,0,0,34,5423,California
Monterey,1/1/2021,12,5435,2,3391,10,2044,0,0,12,5435,0,0,12,5435,California
Monterey,1/2/2021,137,5572,134,3525,3,2047,0,0,137,5572,0,0,137,5572,California
Monterey,1/3/2021,30,5602,29,3554,1,2048,0,0,30,5602,0,0,30,5602,California
Monterey,1/4/2021,410,6012,18,3572,392,2440,0,0,410,6012,0,0,410,6012,California
Monterey,1/5/2021,750,6762,326,3898,424,2864,0,0,736,6734,14,14,736,6748,California
Monterey,1/6/2021,655,7417,172,4070,483,3347,0,0,633,7345,22,36,633,7381,California
Monterey,1/7/2021,746,8163,572,4642,174,3521,0,0,422,7445,322,358,422,7803,California
Monterey,1/8/2021,1085,9248,733,5375,352,3873,0,0,393,7146,692,1050,393,8196,California
Monterey,1/9/2021,962,10210,934,6309,28,3901,0,0,312,6808,650,1700,312,8508,California
Monterey,1/10/2021,273,10483,270,6579,3,3904,0,0,8,6551,265,1965,8,8516,California
Monterey,1/11/2021,1065,11548,984,7563,81,3985,0,0,362,6210,703,2668,362,8878,California
Monterey,1/12/2021,464,12012,387,7950,77,4062,0,0,203,6152,261,2929,203,9081,California
Monterey,1/13/2021,1217,13229,591,8541,626,4688,0,0,1172,7279,45,2974,1172,10253,California
Monterey,1/14/2021,1047,14276,93,8634,954,5642,0,0,1029,8293,18,2992,1032,11285,California
Monterey,1/15/2021,1045,15321,44,8678,1001,6643,0,0,1032,9312,13,3005,1032,12317,California
Monterey,1/16/2021,361,15682,298,8976,63,6706,0,0,356,9663,5,3010,356,12673,California
Monterey,1/17/2021,309,15991,288,9264,21,6727,0,0,296,9946,13,3023,296,12969,California
Monterey,1/18/2021,402,16393,50,9314,352,7079,0,0,381,10306,21,3044,381,13350,California
Monterey,1/19/2021,576,16969,395,9709,181,7260,0,0,417,10566,157,3201,417,13767,California
Monterey,1/20/2021,530,17499,268,9977,262,7522,0,0,324,10684,206,3407,324,14091,California
Monterey,1/21/2021,840,18339,93,10070,747,8269,0,0,730,11308,110,3517,734,14825,California
Monterey,1/22/2021,1048,19387,191,10261,857,9126,0,0,1009,12278,39,3556,1009,15834,California
Monterey,1/23/2021,240,19627,174,10435,66,9192,0,0,117,12274,122,3678,118,15952,California
Monterey,1/24/2021,56,19683,38,10473,18,9210,0,0,22,12262,34,3712,22,15974,California
Monterey,1/25/2021,782,20465,173,10646,609,9819,0,0,156,11799,619,4331,156,16130,California
Monterey,1/26/2021,927,21392,223,10869,704,10523,0,0,235,11342,692,5023,235,16365,California
Monterey,1/27/2021,857,22249,307,11176,550,11073,0,0,377,11239,480,5503,377,16742,California
Monterey,1/28/2021,2008,24257,736,11912,1272,12345,0,0,1667,12567,341,5844,1669,18411,California
Monterey,1/29/2021,1225,25482,705,12617,520,12865,0,0,1109,13562,115,5959,1110,19521,California
Monterey,1/30/2021,437,25919,290,12907,147,13012,0,0,182,13489,255,6214,182,19703,California
Monterey,1/31/2021,493,26412,71,12978,422,13434,0,0,483,13963,10,6224,484,20187,California
Monterey,2/1/2021,1660,28072,1146,14124,514,13948,0,0,1098,14500,561,6785,1098,21285,California
Monterey,2/2/2021,2151,30223,454,14578,1697,15645,0,0,1544,15438,606,7391,1544,22829,California
Monterey,2/3/2021,2327,32550,1046,15624,1281,16926,0,0,1552,16219,771,8162,1552,24381,California
Monterey,2/4/2021,2703,35253,2019,17643,684,17610,0,0,2441,18400,260,8422,2441,26822,California
Monterey,2/5/2021,3640,38893,2820,20463,820,18430,0,0,3208,21181,427,8849,3208,30030,California
Monterey,2/6/2021,1095,39988,378,20841,717,19147,0,0,754,21596,339,9188,754,30784,California
Monterey,2/7/2021,314,40302,270,21111,44,19191,0,0,95,21472,219,9407,95,30879,California
Monterey,2/8/2021,515,40817,289,21400,226,19417,0,0,429,21815,86,9493,429,31308,California
Monterey,2/9/2021,860,41677,673,22073,187,19604,0,0,550,22057,310,9803,552,31860,California
Monterey,2/10/2021,2010,43687,1040,23113,970,20574,0,0,1162,22371,848,10651,1162,33022,California
Monterey,2/11/2021,2495,46182,968,24081,1527,22101,0,0,1541,22962,952,11603,1543,34565,California
Monterey,2/12/2021,2584,48766,426,24507,2158,24259,0,0,1522,23423,1061,12664,1522,36087,California
Monterey,2/13/2021,1068,49834,50,24557,1018,25277,0,0,977,24309,91,12755,977,37064,California
Monterey,2/14/2021,589,50423,73,24630,516,25793,0,0,516,24752,73,12828,516,37580,California
Monterey,2/15/2021,1368,51791,160,24790,1208,27001,0,0,993,25373,373,13201,994,38574,California
Monterey,2/16/2021,1088,52879,243,25033,845,27846,0,0,866,26017,222,13423,866,39440,California
Monterey,2/17/2021,1934,54813,1161,26194,773,28619,0,0,1635,27358,297,13720,1638,41078,California
Monterey,2/18/2021,2222,57035,1176,27370,1046,29665,0,0,907,26962,1305,15025,909,41987,California
Monterey,2/19/2021,2934,59969,1530,28900,1404,31069,0,0,1344,26716,1590,16615,1344,43331,California
Monterey,2/20/2021,1003,60972,603,29503,400,31469,0,0,951,27616,51,16666,951,44282,California
Monterey,2/21/2021,1239,62211,1211,30714,28,31497,0,0,1170,28719,67,16733,1170,45452,California
Monterey,2/22/2021,975,63186,844,31558,131,31628,0,0,642,29030,331,17064,642,46094,California
Monterey,2/23/2021,949,64135,617,32175,332,31960,0,0,299,28681,649,17713,300,46394,California
Monterey,2/24/2021,2458,66593,1312,33487,1146,33106,0,0,1847,29922,607,18320,1848,48242,California
Monterey,2/25/2021,4342,70935,2377,35864,1965,35071,0,0,1449,28486,2886,21206,1450,49692,California
Monterey,2/26/2021,5241,76176,3079,38943,2162,37233,0,0,2620,28489,2618,23824,2621,52313,California
Monterey,2/27/2021,995,77171,182,39125,813,38046,0,0,805,29109,185,24009,805,53118,California
Monterey,2/28/2021,1527,78698,81,39206,1446,39492,0,0,1065,29717,457,24466,1065,54183,California
Monterey,3/1/2021,1277,79975,137,39343,1137,40629,3,3,742,29931,532,24998,746,54929,California
Monterey,3/2/2021,2727,82702,1717,41060,1010,41639,0,3,1878,30964,845,25843,1878,56807,California
Monterey,3/3/2021,3194,85896,1236,42296,1958,43597,0,3,1303,30379,1889,27732,1304,58111,California
Monterey,3/4/2021,4544,90440,1464,43760,3080,46677,0,3,2975,31789,1565,29297,2975,61086,California
Monterey,3/5/2021,3253,93693,1418,45178,1558,48235,277,280,2623,34060,629,29926,2900,63986,California
Monterey,3/6/2021,4992,98685,1065,46243,3625,51860,302,582,4089,37549,900,30826,4389,68375,California
Monterey,3/7/2021,521,99206,108,46351,168,52028,245,827,234,37739,287,31113,477,68852,California
Monterey,3/8/2021,1645,100851,325,46676,941,52969,379,1206,1116,38704,529,31642,1494,70346,California
Monterey,3/9/2021,1901,102752,675,47351,950,53919,276,1482,1414,39906,486,32128,1688,72034,California
Monterey,3/10/2021,2908,105660,870,48221,1553,55472,485,1967,1356,40202,1546,33674,1842,73876,California
Monterey,3/11/2021,4098,109758,1402,49623,2324,57796,372,2339,2337,41157,1754,35428,2709,76585,California
Monterey,3/12/2021,4260,114018,2015,51638,2128,59924,117,2456,2599,42213,1659,37087,2715,79300,California
Monterey,3/13/2021,5227,119245,961,52599,3919,63843,347,2803,3921,45175,1306,38393,4268,83568,California
Monterey,3/14/2021,2147,121392,1326,53925,796,64639,25,2828,576,44216,1560,39953,601,84169,California
Monterey,3/15/2021,3941,125333,1265,55190,2386,67025,290,3118,2254,45076,1683,41636,2543,86712,California
Monterey,3/16/2021,3486,128819,570,55760,2542,69567,374,3492,2075,46113,1410,43046,2447,89159,California
Monterey,3/17/2021,5674,134493,2307,58067,3116,72683,251,3743,4084,48871,1582,44628,4340,93499,California
Monterey,3/18/2021,4351,138844,2153,60220,2031,74714,167,3910,3004,50740,1342,45970,3211,96710,California
Monterey,3/19/2021,5383,144227,2558,62778,2683,77397,142,4052,4114,53733,1264,47234,4257,100967,California
Monterey,3/20/2021,3246,147473,420,63198,2131,79528,695,4747,2167,55520,1075,48309,2862,103829,California
Monterey,3/21/2021,622,148095,200,63398,414,79942,8,4755,556,56018,65,48374,563,104392,California
Monterey,3/22/2021,2451,150546,1430,64828,960,80902,61,4816,2246,58122,202,48576,2306,106698,California
Monterey,3/23/2021,3961,154507,2345,67173,1574,82476,42,4858,2507,59222,1449,50025,2549,109247,California
Monterey,3/24/2021,4973,159480,2084,69257,2578,85054,311,5169,3621,61804,1348,51373,3930,113177,California
Monterey,3/25/2021,5206,164686,1213,70470,3636,88690,357,5526,2609,62182,2589,53962,2967,116144,California
Monterey,3/26/2021,5290,169976,2604,73074,2620,91310,66,5592,2847,62663,2434,56396,2915,119059,California
Monterey,3/27/2021,4747,174723,1415,74489,3076,94386,256,5848,3038,64252,1705,58101,3294,122353,California
Monterey,3/28/2021,1109,175832,334,74823,767,95153,8,5856,628,64411,477,58578,636,122989,California
Monterey,3/29/2021,3164,178996,1402,76225,1748,96901,14,5870,1950,65171,1207,59785,1967,124956,California
Monterey,3/30/2021,4434,183430,2130,78355,2264,99165,40,5910,2749,66291,1674,61459,2794,127750,California
Monterey,3/31/2021,5278,188708,2375,80730,2112,101277,791,6701,3321,68452,1953,63412,4114,131864,California
Monterey,4/1/2021,6011,194719,2057,82787,3549,104826,405,7106,3012,68883,2986,66398,3417,135281,California
Monterey,4/2/2021,4659,199378,2241,85028,2357,107183,61,7167,3285,70860,1372,67770,3349,138630,California
Monterey,4/3/2021,5611,204989,1091,86119,3556,110739,964,8131,1189,68602,4407,72177,2149,140779,California
Monterey,4/4/2021,751,205740,155,86274,583,111322,13,8144,483,68832,268,72445,498,141277,California
Monterey,4/5/2021,3961,209701,2458,88732,1276,112598,227,8371,1484,68071,2472,74917,1711,142988,California
Monterey,4/6/2021,3092,212793,1306,90038,1315,113913,471,8842,1120,67695,1967,76884,1591,144579,California
Monterey,4/7/2021,5467,218260,1401,91439,3557,117470,509,9351,2697,68141,2759,79643,3205,147784,California
Monterey,4/8/2021,6353,224613,3453,94892,2100,119570,800,10151,3165,68925,3182,82825,3966,151750,California
Monterey,4/9/2021,5511,230124,3368,98260,1514,121084,629,10780,2233,68511,3274,86099,2860,154610,California
Monterey,4/10/2021,9793,239917,4925,103185,2720,123804,2148,12928,4922,70718,4863,90962,7070,161680,California
Monterey,4/11/2021,5432,245349,4267,107452,567,124371,598,13526,4394,74677,1032,91994,4991,166671,California
Monterey,4/12/2021,4019,249368,1843,109295,1866,126237,310,13836,894,72894,2987,94981,1204,167875,California
Monterey,4/13/2021,3109,252477,712,110007,2393,128630,4,13840,1488,72787,1600,96581,1493,169368,California
Monterey,4/14/2021,6531,259008,3110,113117,3419,132049,2,13842,1785,69841,4733,101314,1787,171155,California
Monterey,4/15/2021,5708,264716,3860,116977,1848,133897,0,13842,3808,71779,1870,103184,3808,174963,California
Monterey,4/16/2021,4644,269360,2376,119353,2254,136151,14,13856,2170,71500,2463,105647,2184,177147,California
Monterey,4/17/2021,4290,273650,1327,120680,2963,139114,0,13856,3132,73482,1150,106797,3132,180279,California
Monterey,4/18/2021,831,274481,253,120933,578,139692,0,13856,235,73125,592,107389,235,180514,California
Monterey,4/19/2021,3663,278144,1278,122211,2385,142077,0,13856,1756,72982,1899,109288,1756,182270,California
Monterey,4/20/2021,3697,281841,1558,123769,2139,144216,0,13856,1534,72375,2142,111430,1535,183805,California
Monterey,4/21/2021,5501,287342,3094,126863,2407,146623,0,13856,2701,72311,2767,114197,2703,186508,California
Monterey,4/22/2021,4365,291707,921,127784,3444,150067,0,13856,1735,71439,2607,116804,1735,188243,California
Monterey,4/23/2021,3916,295623,1989,129773,1926,151993,1,13857,1486,70506,2420,119224,1487,189730,California
Napa,12/16/2020,12,12,12,12,0,0,0,0,12,12,0,0,12,12,California
Napa,12/17/2020,44,56,44,56,0,0,0,0,44,56,0,0,44,56,California
Napa,12/18/2020,102,158,102,158,0,0,0,0,102,158,0,0,102,158,California
Napa,12/19/2020,221,379,221,379,0,0,0,0,221,379,0,0,221,379,California
Napa,12/20/2020,188,567,188,567,0,0,0,0,188,567,0,0,188,567,California
Napa,12/21/2020,310,877,310,877,0,0,0,0,311,878,0,0,311,878,California
Napa,12/22/2020,340,1217,331,1208,9,9,0,0,340,1218,0,0,340,1218,California
Napa,12/23/2020,428,1645,319,1527,109,118,0,0,428,1646,0,0,428,1646,California
Napa,12/24/2020,139,1784,78,1605,61,179,0,0,139,1785,0,0,139,1785,California
Napa,12/25/2020,1,1785,1,1606,0,179,0,0,1,1786,0,0,1,1786,California
Napa,12/26/2020,39,1824,11,1617,28,207,0,0,39,1825,0,0,39,1825,California
Napa,12/27/2020,32,1856,16,1633,16,223,0,0,32,1857,0,0,32,1857,California
Napa,12/28/2020,251,2107,185,1818,66,289,0,0,279,2136,0,0,279,2136,California
Napa,12/29/2020,273,2380,214,2032,59,348,0,0,307,2443,0,0,307,2443,California
Napa,12/30/2020,630,3010,486,2518,144,492,0,0,638,3081,0,0,638,3081,California
Napa,12/31/2020,461,3471,373,2891,88,580,0,0,461,3542,0,0,461,3542,California
Napa,1/1/2021,1,3472,1,2892,0,580,0,0,1,3543,0,0,1,3543,California
Napa,1/2/2021,98,3570,93,2985,5,585,0,0,98,3641,0,0,98,3641,California
Napa,1/3/2021,13,3583,11,2996,2,587,0,0,9,3650,0,0,9,3650,California
Napa,1/4/2021,107,3690,64,3060,43,630,0,0,107,3757,0,0,107,3757,California
Napa,1/5/2021,155,3845,85,3145,70,700,0,0,138,3871,24,24,138,3895,California
Napa,1/6/2021,455,4300,114,3259,341,1041,0,0,391,4200,62,86,391,4286,California
Napa,1/7/2021,495,4795,234,3493,261,1302,0,0,395,4496,99,185,395,4681,California
Napa,1/8/2021,442,5237,226,3719,216,1518,0,0,262,4579,179,364,262,4943,California
Napa,1/9/2021,325,5562,300,4019,25,1543,0,0,189,4632,136,500,189,5132,California
Napa,1/10/2021,184,5746,101,4120,83,1626,0,0,109,4666,75,575,109,5241,California
Napa,1/11/2021,881,6627,426,4546,455,2081,0,0,508,4801,374,949,509,5750,California
Napa,1/12/2021,1311,7938,370,4916,941,3022,0,0,996,5482,315,1264,996,6746,California
Napa,1/13/2021,1313,9251,264,5180,1049,4071,0,0,1151,6473,161,1425,1152,7898,California
Napa,1/14/2021,1052,10303,173,5353,879,4950,0,0,934,7291,116,1541,934,8832,California
Napa,1/15/2021,1453,11756,384,5737,1069,6019,0,0,1305,8441,156,1697,1306,10138,California
Napa,1/16/2021,356,12112,134,5871,222,6241,0,0,338,8761,18,1715,338,10476,California
Napa,1/17/2021,340,12452,175,6046,165,6406,0,0,330,9081,10,1725,330,10806,California
Napa,1/18/2021,1081,13533,197,6243,884,7290,0,0,990,9980,91,1816,990,11796,California
Napa,1/19/2021,1009,14542,406,6649,603,7893,0,0,766,10504,242,2058,766,12562,California
Napa,1/20/2021,825,15367,185,6834,640,8533,0,0,643,10967,180,2238,643,13205,California
Napa,1/21/2021,1335,16702,374,7208,961,9494,0,0,1080,11794,254,2492,1081,14286,California
Napa,1/22/2021,1539,18241,411,7619,1128,10622,0,0,1212,12681,326,2818,1213,15499,California
Napa,1/23/2021,398,18639,318,7937,80,10702,0,0,336,12955,62,2880,336,15835,California
Napa,1/24/2021,266,18905,189,8126,77,10779,0,0,208,13105,58,2938,208,16043,California
Napa,1/25/2021,1522,20427,231,8357,1291,12070,0,0,1432,14447,90,3028,1432,17475,California
Napa,1/26/2021,880,21307,283,8640,597,12667,0,0,786,15140,94,3122,787,18262,California
Napa,1/27/2021,626,21933,220,8860,406,13073,0,0,470,15455,156,3278,471,18733,California
Napa,1/28/2021,390,22323,177,9037,213,13286,0,0,198,15463,190,3468,198,18931,California
Napa,1/29/2021,254,22577,65,9102,189,13475,0,0,159,15527,95,3563,159,19090,California
Napa,1/30/2021,804,23381,695,9797,109,13584,0,0,640,16003,164,3727,640,19730,California
Napa,1/31/2021,655,24036,625,10422,30,13614,0,0,629,16606,26,3753,629,20359,California
Napa,2/1/2021,315,24351,110,10532,205,13819,0,0,163,16617,152,3905,163,20522,California
Napa,2/2/2021,594,24945,281,10813,313,14132,0,0,292,16610,299,4204,292,20814,California
Napa,2/3/2021,741,25686,309,11122,432,14564,0,0,432,16733,309,4513,432,21246,California
Napa,2/4/2021,789,26475,374,11496,415,14979,0,0,441,16828,346,4859,441,21687,California
Napa,2/5/2021,707,27182,314,11810,393,15372,0,0,340,16801,367,5226,340,22027,California
Napa,2/6/2021,434,27616,145,11955,289,15661,0,0,329,17025,105,5331,329,22356,California
Napa,2/7/2021,175,27791,162,12117,13,15674,0,0,71,16992,104,5435,71,22427,California
Napa,2/8/2021,834,28625,191,12308,643,16317,0,0,272,16705,559,5994,272,22699,California
Napa,2/9/2021,1075,29700,441,12749,634,16951,0,0,436,16502,639,6633,436,23135,California
Napa,2/10/2021,1720,31420,192,12941,1528,18479,0,0,452,15690,1265,7898,453,23588,California
Napa,2/11/2021,1491,32911,194,13135,1297,19776,0,0,406,15024,1073,8971,407,23995,California
Napa,2/12/2021,2156,35067,837,13972,1319,21095,0,0,721,14313,1432,10403,721,24716,California
Napa,2/13/2021,495,35562,52,14024,443,21538,0,0,312,14442,183,10586,312,25028,California
Napa,2/14/2021,356,35918,90,14114,266,21804,0,0,195,14476,161,10747,195,25223,California
Napa,2/15/2021,872,36790,182,14296,690,22494,0,0,220,14046,650,11397,220,25443,California
Napa,2/16/2021,1286,38076,597,14893,689,23183,0,0,612,13985,673,12070,612,26055,California
Napa,2/17/2021,1046,39122,530,15423,516,23699,0,0,479,13899,565,12635,479,26534,California
Napa,2/18/2021,1894,41016,484,15907,1410,25109,0,0,658,13324,1233,13868,658,27192,California
Napa,2/19/2021,1479,42495,584,16491,895,26004,0,0,676,13198,802,14670,676,27868,California
Napa,2/20/2021,820,43315,595,17086,225,26229,0,0,272,12922,548,15218,272,28140,California
Napa,2/21/2021,797,44112,735,17821,62,26291,0,0,195,12515,602,15820,195,28335,California
Napa,2/22/2021,441,44553,185,18006,256,26547,0,0,136,12346,305,16125,136,28471,California
Napa,2/23/2021,1125,45678,301,18307,824,27371,0,0,307,11835,818,16943,307,28778,California
Napa,2/24/2021,1158,46836,638,18945,520,27891,0,0,570,11820,586,17529,571,29349,California
Napa,2/25/2021,2538,49374,1210,20155,1328,29219,0,0,1825,12933,712,18241,1825,31174,California
Napa,2/26/2021,1496,50870,521,20676,975,30194,0,0,583,12605,911,19152,583,31757,California
Napa,2/27/2021,1118,51988,378,21054,740,30934,0,0,866,13221,250,19402,866,32623,California
Napa,2/28/2021,560,52548,459,21513,101,31035,0,0,461,13585,97,19499,461,33084,California
Napa,3/1/2021,1101,53649,814,22327,287,31322,0,0,832,14149,268,19767,832,33916,California
Napa,3/2/2021,1484,55133,1024,23351,460,31782,0,0,1150,14966,333,20100,1150,35066,California
Napa,3/3/2021,1544,56677,684,24035,860,32642,0,0,1358,16139,185,20285,1358,36424,California
Napa,3/4/2021,1705,58382,782,24817,923,33565,0,0,1467,17371,235,20520,1467,37891,California
Napa,3/5/2021,1890,60272,782,25599,1104,34669,4,4,1475,18437,413,20933,1479,39370,California
Napa,3/6/2021,641,60913,281,25880,329,34998,31,35,530,18889,109,21042,561,39931,California
Napa,3/7/2021,521,61434,320,26200,186,35184,15,50,370,19123,151,21193,385,40316,California
Napa,3/8/2021,694,62128,319,26519,322,35506,53,103,517,19518,175,21368,570,40886,California
Napa,3/9/2021,1628,63756,567,27086,1015,36521,46,149,1198,20335,427,21795,1244,42130,California
Napa,3/10/2021,1472,65228,914,28000,466,36987,92,241,772,20502,697,22492,864,42994,California
Napa,3/11/2021,1829,67057,1035,29035,666,37653,128,369,937,20676,891,23383,1065,44059,California
Napa,3/12/2021,1495,68552,908,29943,492,38145,95,464,794,20865,699,24082,888,44947,California
Napa,3/13/2021,1164,69716,300,30243,840,38985,24,488,828,21383,334,24416,852,45799,California
Napa,3/14/2021,611,70327,328,30571,135,39120,148,636,227,21374,383,24799,374,46173,California
Napa,3/15/2021,945,71272,405,30976,471,39591,69,705,479,21458,464,25263,548,46721,California
Napa,3/16/2021,1832,73104,385,31361,1321,40912,126,831,1372,22501,456,25719,1499,48220,California
Napa,3/17/2021,2481,75585,1845,33206,457,41369,179,1010,1577,23353,904,26623,1756,49976,California
Napa,3/18/2021,2098,77683,912,34118,1176,42545,10,1020,1288,23843,808,27431,1298,51274,California
Napa,3/19/2021,1429,79112,857,34975,544,43089,28,1048,710,23865,716,28147,738,52012,California
Napa,3/20/2021,995,80107,527,35502,315,43404,153,1201,422,23868,572,28719,575,52587,California
Napa,3/21/2021,702,80809,680,36182,20,43424,2,1203,352,23873,349,29068,354,52941,California
Napa,3/22/2021,1079,81888,904,37086,164,43588,11,1214,474,23756,602,29670,485,53426,California
Napa,3/23/2021,1506,83394,815,37901,674,44262,17,1231,1000,24269,504,30174,1017,54443,California
Napa,3/24/2021,1701,85095,942,38843,751,45013,8,1239,820,24217,880,31054,828,55271,California
Napa,3/25/2021,1611,86706,1041,39884,516,45529,54,1293,742,24145,868,31922,796,56067,California
Napa,3/26/2021,1276,87982,826,40710,444,45973,6,1299,576,24030,697,32619,582,56649,California
Napa,3/27/2021,946,88928,431,41141,488,46461,27,1326,313,23737,633,33252,340,56989,California
Napa,3/28/2021,482,89410,372,41513,103,46564,7,1333,182,23627,299,33551,189,57178,California
Napa,3/29/2021,1177,90587,857,42370,315,46879,5,1338,726,23908,450,34001,731,57909,California
Napa,3/30/2021,2393,92980,929,43299,1460,48339,4,1342,1611,24741,782,34783,1615,59524,California
Napa,3/31/2021,1956,94936,954,44253,933,49272,69,1411,805,24465,1148,35931,872,60396,California
Napa,4/1/2021,1704,96640,810,45063,779,50051,115,1526,472,23825,1227,37158,587,60983,California
Napa,4/2/2021,1821,98461,814,45877,865,50916,142,1668,456,23061,1362,38520,598,61581,California
Napa,4/3/2021,624,99085,362,46239,203,51119,59,1727,209,22913,415,38935,267,61848,California
Napa,4/4/2021,351,99436,142,46381,151,51270,58,1785,122,22865,228,39163,180,62028,California
Napa,4/5/2021,1262,100698,753,47134,291,51561,218,2003,573,22968,688,39851,791,62819,California
Napa,4/6/2021,2209,102907,557,47691,1397,52958,255,2258,529,22075,1677,41528,784,63603,California
Napa,4/7/2021,1704,104611,684,48375,799,53757,221,2479,519,21634,1181,42709,740,64343,California
Napa,4/8/2021,1829,106440,1055,49430,404,54161,370,2849,974,22126,851,43560,1343,65686,California
Napa,4/9/2021,1505,107945,908,50338,297,54458,300,3149,672,22266,831,44391,971,66657,California
Napa,4/10/2021,1027,108972,346,50684,581,55039,100,3249,237,21814,789,45180,337,66994,California
Napa,4/11/2021,384,109356,301,50985,62,55101,21,3270,157,21765,227,45407,178,67172,California
Napa,4/12/2021,786,110142,303,51288,360,55461,123,3393,296,21693,489,45896,417,67589,California
Napa,4/13/2021,2514,112656,839,52127,1675,57136,0,3393,917,21017,1593,47489,917,68506,California
Napa,4/14/2021,2037,114693,974,53101,1063,58199,0,3393,1009,21005,1021,48510,1009,69515,California
Napa,4/15/2021,1589,116282,518,53619,1071,59270,0,3393,861,21143,723,49233,861,70376,California
Napa,4/16/2021,2417,118699,1127,54746,1290,60560,0,3393,1741,22209,675,49908,1741,72117,California
Napa,4/17/2021,1073,119772,263,55009,810,61370,0,3393,816,22768,257,50165,816,72933,California
Napa,4/18/2021,262,120034,171,55180,91,61461,0,3393,118,22743,143,50308,118,73051,California
Napa,4/19/2021,605,120639,336,55516,269,61730,0,3393,264,22667,340,50648,264,73315,California
Napa,4/20/2021,2906,123545,1940,57456,966,62696,0,3393,1964,23691,941,51589,1965,75280,California
Napa,4/21/2021,2275,125820,1668,59124,606,63302,1,3394,1245,23911,1025,52614,1245,76525,California
Napa,4/22/2021,961,126781,715,59839,246,63548,0,3394,273,23499,685,53299,273,76798,California
Napa,4/23/2021,497,127278,406,60245,89,63637,2,3396,391,23786,104,53403,391,77189,California
Nevada,12/16/2020,3,3,3,3,0,0,0,0,3,3,0,0,3,3,California
Nevada,12/17/2020,6,9,6,9,0,0,0,0,6,9,0,0,6,9,California
Nevada,12/18/2020,52,61,52,61,0,0,0,0,52,61,0,0,52,61,California
Nevada,12/19/2020,55,116,55,116,0,0,0,0,55,116,0,0,55,116,California
Nevada,12/20/2020,12,128,12,128,0,0,0,0,12,128,0,0,12,128,California
Nevada,12/21/2020,69,197,69,197,0,0,0,0,69,197,0,0,69,197,California
Nevada,12/22/2020,91,288,89,286,2,2,0,0,91,288,0,0,91,288,California
Nevada,12/23/2020,234,522,202,488,32,34,0,0,234,522,0,0,234,522,California
Nevada,12/24/2020,13,535,11,499,2,36,0,0,13,535,0,0,13,535,California
Nevada,12/25/2020,3,538,3,502,0,36,0,0,3,538,0,0,3,538,California
Nevada,12/26/2020,6,544,4,506,2,38,0,0,6,544,0,0,6,544,California
Nevada,12/27/2020,88,632,88,594,0,38,0,0,88,632,0,0,88,632,California
Nevada,12/28/2020,170,802,93,687,77,115,0,0,170,802,0,0,170,802,California
Nevada,12/29/2020,100,902,74,761,26,141,0,0,100,902,0,0,100,902,California
Nevada,12/30/2020,86,988,66,827,20,161,0,0,86,988,0,0,86,988,California
Nevada,12/31/2020,39,1027,9,836,30,191,0,0,39,1027,0,0,39,1027,California
Nevada,1/1/2021,1,1028,0,836,1,192,0,0,1,1028,0,0,1,1028,California
Nevada,1/2/2021,1,1029,1,837,0,192,0,0,1,1029,0,0,1,1029,California
Nevada,1/3/2021,129,1158,126,963,3,195,0,0,129,1158,0,0,129,1158,California
Nevada,1/4/2021,71,1229,47,1010,24,219,0,0,71,1229,0,0,71,1229,California
Nevada,1/5/2021,271,1500,130,1140,141,360,0,0,270,1498,1,1,270,1499,California
Nevada,1/6/2021,91,1591,43,1183,48,408,0,0,83,1573,8,9,83,1582,California
Nevada,1/7/2021,215,1806,43,1226,172,580,0,0,208,1776,6,15,209,1791,California
Nevada,1/8/2021,221,2027,127,1353,94,674,0,0,169,1893,52,67,169,1960,California
Nevada,1/9/2021,63,2090,56,1409,7,681,0,0,15,1860,48,115,15,1975,California
Nevada,1/10/2021,17,2107,9,1418,8,689,0,0,9,1861,8,123,9,1984,California
Nevada,1/11/2021,185,2292,131,1549,54,743,0,0,57,1790,128,251,57,2041,California
Nevada,1/12/2021,597,2889,451,2000,146,889,0,0,531,2255,66,317,531,2572,California
Nevada,1/13/2021,259,3148,146,2146,113,1002,0,0,124,2244,135,452,124,2696,California
Nevada,1/14/2021,237,3385,125,2271,112,1114,0,0,219,2446,17,469,219,2915,California
Nevada,1/15/2021,394,3779,169,2440,225,1339,0,0,296,2644,98,567,296,3211,California
Nevada,1/16/2021,296,4075,15,2455,281,1620,0,0,292,2932,4,571,292,3503,California
Nevada,1/17/2021,35,4110,31,2486,4,1624,0,0,33,2963,2,573,33,3536,California
Nevada,1/18/2021,150,4260,40,2526,110,1734,0,0,141,3095,9,582,141,3677,California
Nevada,1/19/2021,238,4498,85,2611,153,1887,0,0,219,3295,19,601,219,3896,California
Nevada,1/20/2021,259,4757,153,2764,106,1993,0,0,246,3528,13,614,246,4142,California
Nevada,1/21/2021,339,5096,207,2971,132,2125,0,0,326,3841,13,627,326,4468,California
Nevada,1/22/2021,347,5443,209,3180,138,2263,0,0,316,4126,31,658,316,4784,California
Nevada,1/23/2021,177,5620,104,3284,73,2336,0,0,177,4303,0,658,177,4961,California
Nevada,1/24/2021,105,5725,98,3382,7,2343,0,0,66,4330,39,697,66,5027,California
Nevada,1/25/2021,267,5992,137,3519,130,2473,0,0,206,4475,61,758,206,5233,California
Nevada,1/26/2021,401,6393,141,3660,260,2733,0,0,299,4672,102,860,299,5532,California
Nevada,1/27/2021,416,6809,247,3907,169,2902,0,0,392,5040,24,884,392,5924,California
Nevada,1/28/2021,466,7275,316,4223,150,3052,0,0,423,5421,42,926,423,6347,California
Nevada,1/29/2021,600,7875,391,4614,209,3261,0,0,577,5976,23,949,578,6925,California
Nevada,1/30/2021,231,8106,104,4718,127,3388,0,0,228,6201,3,952,228,7153,California
Nevada,1/31/2021,103,8209,87,4805,16,3404,0,0,102,6303,1,953,103,7256,California
Nevada,2/1/2021,290,8499,71,4876,219,3623,0,0,276,6565,14,967,276,7532,California
Nevada,2/2/2021,511,9010,173,5049,338,3961,0,0,323,6700,188,1155,323,7855,California
Nevada,2/3/2021,809,9819,569,5618,240,4201,0,0,757,7406,51,1206,757,8612,California
Nevada,2/4/2021,737,10556,391,6009,346,4547,0,0,488,7646,248,1454,488,9100,California
Nevada,2/5/2021,641,11197,363,6372,278,4825,0,0,453,7913,186,1640,453,9553,California
Nevada,2/6/2021,268,11465,82,6454,186,5011,0,0,241,8127,27,1667,241,9794,California
Nevada,2/7/2021,245,11710,192,6646,53,5064,0,0,191,8264,54,1721,191,9985,California
Nevada,2/8/2021,651,12361,408,7054,243,5307,0,0,552,8717,99,1820,552,10537,California
Nevada,2/9/2021,600,12961,336,7390,264,5571,0,0,462,9041,138,1958,462,10999,California
Nevada,2/10/2021,646,13607,322,7712,324,5895,0,0,417,9230,229,2187,418,11417,California
Nevada,2/11/2021,868,14475,502,8214,366,6261,0,0,539,9441,328,2515,539,11956,California
Nevada,2/12/2021,928,15403,434,8648,494,6755,0,0,611,9736,316,2831,611,12567,California
Nevada,2/13/2021,596,15999,234,8882,362,7117,0,0,388,9921,204,3035,389,12956,California
Nevada,2/14/2021,229,16228,119,9001,110,7227,0,0,201,10094,28,3063,201,13157,California
Nevada,2/15/2021,704,16932,438,9439,266,7493,0,0,534,10458,170,3233,534,13691,California
Nevada,2/16/2021,619,17551,197,9636,422,7915,0,0,452,10744,166,3399,452,14143,California
Nevada,2/17/2021,1185,18736,762,10398,423,8338,0,0,858,11275,327,3726,858,15001,California
Nevada,2/18/2021,1005,19741,545,10943,460,8798,0,0,600,11471,404,4130,600,15601,California
Nevada,2/19/2021,1009,20750,629,11572,380,9178,0,0,651,11765,358,4488,652,16253,California
Nevada,2/20/2021,296,21046,104,11676,192,9370,0,0,173,11816,122,4610,173,16426,California
Nevada,2/21/2021,88,21134,83,11759,5,9375,0,0,8,11745,79,4689,8,16434,California
Nevada,2/22/2021,494,21628,327,12086,167,9542,0,0,346,11944,147,4836,346,16780,California
Nevada,2/23/2021,468,22096,219,12305,249,9791,0,0,206,11891,259,5095,206,16986,California
Nevada,2/24/2021,472,22568,234,12539,238,10029,0,0,248,11917,224,5319,250,17236,California
Nevada,2/25/2021,859,23427,463,13002,396,10425,0,0,431,11922,426,5745,431,17667,California
Nevada,2/26/2021,1234,24661,880,13882,354,10779,0,0,407,11505,824,6569,407,18074,California
Nevada,2/27/2021,352,25013,110,13992,242,11021,0,0,182,11517,170,6739,182,18256,California
Nevada,2/28/2021,265,25278,153,14145,112,11133,0,0,124,11501,140,6879,124,18380,California
Nevada,3/1/2021,815,26093,423,14568,392,11525,0,0,350,11387,464,7343,350,18730,California
Nevada,3/2/2021,703,26796,259,14827,444,11969,0,0,477,11642,222,7565,477,19207,California
Nevada,3/3/2021,962,27758,489,15316,472,12441,1,1,491,11664,470,8035,492,19699,California
Nevada,3/4/2021,1096,28854,609,15925,487,12928,0,1,464,11499,629,8664,464,20163,California
Nevada,3/5/2021,814,29668,456,16381,348,13276,10,11,360,11417,452,9116,370,20533,California
Nevada,3/6/2021,356,30024,119,16500,210,13486,27,38,144,11376,212,9328,171,20704,California
Nevada,3/7/2021,209,30233,110,16610,80,13566,19,57,68,11322,141,9469,87,20791,California
Nevada,3/8/2021,804,31037,538,17148,221,13787,45,102,358,11281,445,9914,404,21195,California
Nevada,3/9/2021,664,31701,315,17463,299,14086,50,152,361,11390,301,10215,410,21605,California
Nevada,3/10/2021,954,32655,603,18066,294,14380,57,209,319,11135,631,10846,376,21981,California
Nevada,3/11/2021,1092,33747,718,18784,349,14729,25,234,539,11154,545,11391,564,22545,California
Nevada,3/12/2021,1186,34933,720,19504,436,15165,30,264,502,11003,682,12073,531,23076,California
Nevada,3/13/2021,264,35197,52,19556,207,15372,5,269,94,10932,169,12242,98,23174,California
Nevada,3/14/2021,155,35352,21,19577,128,15500,6,275,33,10849,122,12364,39,23213,California
Nevada,3/15/2021,835,36187,453,20030,370,15870,12,287,353,10735,479,12843,365,23578,California
Nevada,3/16/2021,994,37181,465,20495,468,16338,61,348,647,11097,346,13189,708,24286,California
Nevada,3/17/2021,1012,38193,449,20944,553,16891,10,358,583,11264,426,13615,593,24879,California
Nevada,3/18/2021,969,39162,525,21469,421,17312,23,381,475,11272,490,14105,498,25377,California
Nevada,3/19/2021,750,39912,437,21906,281,17593,32,413,351,11259,396,14501,383,25760,California
Nevada,3/20/2021,822,40734,93,21999,306,17899,423,836,235,11333,581,15082,655,26415,California
Nevada,3/21/2021,57,40791,31,22030,25,17924,1,837,39,11356,17,15099,40,26455,California
Nevada,3/22/2021,798,41589,514,22544,279,18203,5,842,540,11645,256,15355,545,27000,California
Nevada,3/23/2021,848,42437,381,22925,441,18644,26,868,639,12104,206,15561,665,27665,California
Nevada,3/24/2021,1015,43452,538,23463,470,19114,7,875,648,12396,363,15924,655,28320,California
Nevada,3/25/2021,889,44341,448,23911,416,19530,25,900,488,12508,400,16324,512,28832,California
Nevada,3/26/2021,1140,45481,433,24344,670,20200,37,937,829,13065,308,16632,865,29697,California
Nevada,3/27/2021,559,46040,70,24414,473,20673,16,953,378,13278,181,16813,394,30091,California
Nevada,3/28/2021,174,46214,50,24464,111,20784,13,966,39,13197,133,16946,52,30143,California
Nevada,3/29/2021,819,47033,501,24965,296,21080,22,988,392,13186,424,17370,413,30556,California
Nevada,3/30/2021,1038,48071,470,25435,534,21614,34,1022,538,13266,492,17862,572,31128,California
Nevada,3/31/2021,1173,49244,663,26098,493,22107,17,1039,700,13518,464,18326,716,31844,California
Nevada,4/1/2021,1226,50470,718,26816,455,22562,53,1092,547,13443,675,19001,600,32444,California
Nevada,4/2/2021,1277,51747,653,27469,588,23150,36,1128,761,13727,513,19514,797,33241,California
Nevada,4/3/2021,284,52031,86,27555,160,23310,38,1166,79,13640,204,19718,117,33358,California
Nevada,4/4/2021,128,52159,42,27597,79,23389,7,1173,78,13675,50,19768,85,33443,California
Nevada,4/5/2021,936,53095,614,28211,303,23692,19,1192,626,14013,307,20075,645,34088,California
Nevada,4/6/2021,1066,54161,661,28872,262,23954,143,1335,469,14034,591,20666,612,34700,California
Nevada,4/7/2021,1135,55296,811,29683,242,24196,82,1417,602,14190,527,21193,683,35383,California
Nevada,4/8/2021,1271,56567,891,30574,297,24493,83,1500,706,14417,562,21755,789,36172,California
Nevada,4/9/2021,1235,57802,845,31419,321,24814,69,1569,840,14931,395,22150,909,37081,California
Nevada,4/10/2021,260,58062,80,31499,104,24918,76,1645,114,14976,145,22295,190,37271,California
Nevada,4/11/2021,99,58161,31,31530,64,24982,4,1649,39,14959,60,22355,43,37314,California
Nevada,4/12/2021,734,58895,537,32067,180,25162,17,1666,312,14869,419,22774,329,37643,California
Nevada,4/13/2021,875,59770,349,32416,526,25688,0,1666,468,14932,405,23179,468,38111,California
Nevada,4/14/2021,1043,60813,562,32978,481,26169,0,1666,538,14973,497,23676,538,38649,California
Nevada,4/15/2021,1057,61870,703,33681,354,26523,0,1666,615,15156,432,24108,615,39264,California
Nevada,4/16/2021,896,62766,696,34377,200,26723,0,1666,530,15321,365,24473,530,39794,California
Nevada,4/17/2021,191,62957,49,34426,142,26865,0,1666,84,15298,107,24580,84,39878,California
Nevada,4/18/2021,180,63137,17,34443,163,27028,0,1666,100,15318,80,24660,100,39978,California
Nevada,4/19/2021,750,63887,481,34924,269,27297,0,1666,304,15184,438,25098,304,40282,California
Nevada,4/20/2021,797,64684,307,35231,490,27787,0,1666,301,14994,491,25589,301,40583,California
Nevada,4/21/2021,897,65581,493,35724,404,28191,0,1666,265,14635,624,26213,265,40848,California
Nevada,4/22/2021,953,66534,594,36318,359,28550,0,1666,319,14327,627,26840,319,41167,California
Nevada,4/23/2021,746,67280,311,36629,435,28985,0,1666,253,14092,488,27328,253,41420,California
Orange,12/15/2020,16,16,16,16,0,0,0,0,16,16,0,0,16,16,California
Orange,12/16/2020,365,381,365,381,0,0,0,0,365,381,0,0,365,381,California
Orange,12/17/2020,3724,4105,3724,4105,0,0,0,0,3723,4104,0,0,3723,4104,California
Orange,12/18/2020,5047,9152,5040,9145,7,7,0,0,5046,9150,0,0,5046,9150,California
Orange,12/19/2020,2230,11382,2223,11368,7,14,0,0,2229,11379,0,0,2229,11379,California
Orange,12/20/2020,1983,13365,1981,13349,2,16,0,0,1984,13363,0,0,1984,13363,California
Orange,12/21/2020,4246,17611,4240,17589,6,22,0,0,4246,17609,0,0,4246,17609,California
Orange,12/22/2020,3979,21590,3946,21535,33,55,0,0,3979,21588,0,0,3979,21588,California
Orange,12/23/2020,3561,25151,3199,24734,362,417,0,0,3563,25151,0,0,3563,25151,California
Orange,12/24/2020,1376,26527,1079,25813,297,714,0,0,1376,26527,0,0,1376,26527,California
Orange,12/25/2020,17,26544,12,25825,5,719,0,0,17,26544,0,0,17,26544,California
Orange,12/26/2020,1020,27564,422,26247,598,1317,0,0,1020,27564,0,0,1020,27564,California
Orange,12/27/2020,582,28146,275,26522,307,1624,0,0,582,28146,0,0,582,28146,California
Orange,12/28/2020,3535,31681,2564,29086,971,2595,0,0,3535,31681,0,0,3535,31681,California
Orange,12/29/2020,3566,35247,2562,31648,1004,3599,0,0,3565,35245,1,1,3565,35246,California
Orange,12/30/2020,5122,40369,3556,35204,1566,5165,0,0,5122,40367,0,1,5122,40368,California
Orange,12/31/2020,1457,41826,759,35963,698,5863,0,0,1457,41824,0,1,1457,41825,California
Orange,1/1/2021,484,42310,260,36223,224,6087,0,0,483,42306,1,2,483,42308,California
Orange,1/2/2021,1402,43712,893,37116,509,6596,0,0,1402,43708,0,2,1402,43710,California
Orange,1/3/2021,573,44285,315,37431,258,6854,0,0,573,44281,0,2,573,44283,California
Orange,1/4/2021,2723,47008,1555,38986,1168,8022,0,0,2724,47004,1,3,2724,47007,California
Orange,1/5/2021,3507,50515,2285,41271,1222,9244,0,0,3100,49704,403,406,3103,50110,California
Orange,1/6/2021,4977,55492,3459,44730,1518,10762,0,0,3609,51957,1356,1762,3609,53719,California
Orange,1/7/2021,9243,64735,5157,49887,4086,14848,0,0,5675,54081,3555,5317,5679,59398,California
Orange,1/8/2021,9389,74124,5249,55136,4140,18988,0,0,5637,55978,3742,9059,5639,65037,California
Orange,1/9/2021,4988,79112,1733,56869,3255,22243,0,0,3709,58408,1279,10338,3709,68746,California
Orange,1/10/2021,4231,83343,1041,57910,3190,25433,0,0,3351,60884,879,11217,3355,72101,California
Orange,1/11/2021,9429,92772,4895,62805,4534,29967,0,0,5812,63077,3620,14837,5813,77914,California
Orange,1/12/2021,8802,101574,4718,67523,4084,34051,0,0,5338,64954,3462,18299,5339,83253,California
Orange,1/13/2021,10223,111797,4898,72421,5325,39376,0,0,7025,68792,3194,21493,7032,90285,California
Orange,1/14/2021,9951,121748,3768,76189,6183,45559,0,0,8362,75573,1587,23080,8368,98653,California
Orange,1/15/2021,10153,131901,2618,78807,7535,53094,0,0,9281,83979,880,23960,9286,107939,California
Orange,1/16/2021,8704,140605,2096,80903,6608,59702,0,0,8308,91896,396,24356,8313,116252,California
Orange,1/17/2021,8152,148757,1485,82388,6667,66369,0,0,8007,99767,145,24501,8016,124268,California
Orange,1/18/2021,9743,158500,4455,86843,5288,71657,0,0,7503,105029,2243,26744,7505,131773,California
Orange,1/19/2021,7481,165981,5413,92256,2068,73725,0,0,4853,107255,2628,29372,4854,136627,California
Orange,1/20/2021,8270,174251,5815,98071,2455,76180,0,0,5216,109423,3055,32427,5223,141850,California
Orange,1/21/2021,10846,185097,4813,102884,6033,82213,0,0,10054,118695,791,33218,10063,151913,California
Orange,1/22/2021,13583,198680,5079,107963,8504,90717,0,0,12749,130626,826,34044,12757,164670,California
Orange,1/23/2021,13114,211794,6173,114136,6941,97658,0,0,12144,141810,968,35012,12152,176822,California
Orange,1/24/2021,9808,221602,4287,118423,5521,103179,0,0,9491,150990,314,35326,9494,186316,California
Orange,1/25/2021,10415,232017,5846,124269,4569,107748,0,0,7706,155997,2704,38030,7711,194027,California
Orange,1/26/2021,11870,243887,7707,131976,4163,111911,0,0,9724,163582,2142,40172,9727,203754,California
Orange,1/27/2021,13400,257287,7989,139965,5411,117322,0,0,10721,171638,2668,42840,10724,214478,California
Orange,1/28/2021,13005,270292,7188,147153,5817,123139,0,0,11152,180958,1840,44680,11160,225638,California
Orange,1/29/2021,13578,283870,8400,155553,5178,128317,0,0,10702,188814,2863,47543,10719,236357,California
Orange,1/30/2021,12926,296796,4444,159997,8482,136799,0,0,12195,200295,717,48260,12198,248555,California
Orange,1/31/2021,13710,310506,4943,164940,8767,145566,0,0,13270,213135,435,48695,13275,261830,California
Orange,2/1/2021,14017,324523,5773,170713,8244,153810,0,0,12028,223197,1970,50665,12032,273862,California
Orange,2/2/2021,15400,339923,8359,179072,7041,160851,0,0,12660,233228,2632,53297,12663,286525,California
Orange,2/3/2021,16724,356647,12564,191636,4160,165011,0,0,13721,244029,2925,56222,13726,300251,California
Orange,2/4/2021,19800,376447,12941,204577,6859,171870,0,0,14725,253718,5044,61266,14733,314984,California
Orange,2/5/2021,20726,397173,12001,216578,8725,180595,0,0,14462,261956,6226,67492,14464,329448,California
Orange,2/6/2021,16310,413483,10780,227358,5530,186125,0,0,11060,267999,5235,72727,11278,340726,California
Orange,2/7/2021,11516,424999,8099,235457,3417,189542,0,0,7544,271756,3957,76684,7714,348440,California
Orange,2/8/2021,14814,439813,8468,243925,6346,195888,0,0,8820,274613,5964,82648,8821,357261,California
Orange,2/9/2021,17635,457448,12009,255934,5626,201514,0,0,10738,278530,6825,89473,10742,368003,California
Orange,2/10/2021,20882,478330,11168,267102,9714,211228,0,0,12668,283084,8121,97594,12675,380678,California
Orange,2/11/2021,21984,500314,11390,278492,10594,221822,0,0,12378,286000,9480,107074,12396,393074,California
Orange,2/12/2021,24734,525048,11885,290377,12849,234671,0,0,14621,290568,10058,117132,14626,407700,California
Orange,2/13/2021,22003,547051,11907,302284,10096,244767,0,0,11141,291691,10659,127791,11782,419482,California
Orange,2/14/2021,16182,563233,6566,308850,9616,254383,0,0,9549,294632,6609,134400,9550,429032,California
Orange,2/15/2021,17211,580444,7387,316237,9824,264207,0,0,8879,295231,8289,142689,8888,437920,California
Orange,2/16/2021,19895,600339,8971,325208,10924,275131,0,0,10700,296802,9153,151842,10724,448644,California
Orange,2/17/2021,17782,618121,9312,334520,8470,283601,0,0,9161,297415,8579,160421,9192,457836,California
Orange,2/18/2021,14869,632990,9829,344349,5040,288641,0,0,6787,296174,8036,168457,6795,464631,California
Orange,2/19/2021,17828,650818,10722,355071,7106,295747,0,0,6879,292159,10905,179362,6890,471521,California
Orange,2/20/2021,7392,658210,5567,360638,1825,297572,0,0,3746,292289,3626,182988,3756,475277,California
Orange,2/21/2021,4317,662527,3642,364280,675,298247,0,0,774,289553,3510,186498,774,476051,California
Orange,2/22/2021,9597,672124,7836,372116,1761,300008,0,0,3881,287756,5692,192190,3895,479946,California
Orange,2/23/2021,13231,685355,7224,379340,6007,306015,0,0,3481,281551,9696,201886,3491,483437,California
Orange,2/24/2021,21084,706439,12778,392118,8306,314321,0,0,5355,271256,15669,217555,5374,488811,California
Orange,2/25/2021,22564,729003,12224,404342,10340,324661,0,0,7962,264700,14534,232089,7978,496789,California
Orange,2/26/2021,27646,756649,14003,418345,13643,338304,0,0,11134,259455,16403,248492,11158,507947,California
Orange,2/27/2021,24925,781574,10054,428399,14869,353173,2,2,7240,249129,17583,266075,7257,515204,California
Orange,2/28/2021,18988,800562,7343,435742,11645,364818,0,2,4794,239848,14092,280167,4811,520015,California
Orange,3/1/2021,18292,818854,8330,444072,9959,374777,3,5,7055,235750,11168,291335,7070,527085,California
Orange,3/2/2021,18707,837561,8838,452910,9868,384645,1,6,9140,235392,9527,300862,9169,536254,California
Orange,3/3/2021,20102,857663,9329,462239,10770,395415,3,9,10779,236939,9255,310117,10802,547056,California
Orange,3/4/2021,22184,879847,12784,475023,9387,404802,13,22,11495,237817,10655,320772,11533,558589,California
Orange,3/5/2021,20624,900471,10686,485709,9894,414696,44,66,12636,242606,7950,328722,12739,571328,California
Orange,3/6/2021,23826,924297,13079,498788,9885,424581,862,928,12604,244909,11190,339912,13493,584821,California
Orange,3/7/2021,14788,939085,8296,507084,6108,430689,384,1312,8630,247818,6126,346038,9035,593856,California
Orange,3/8/2021,16118,955203,7374,514458,7486,438175,1258,2570,10363,253750,5714,351752,11646,605502,California
Orange,3/9/2021,19637,974840,8542,523000,8667,446842,2428,4998,11261,259104,8339,360091,13693,619195,California
Orange,3/10/2021,23914,998754,11699,534699,9063,455905,3152,8150,12092,262577,11769,371860,15242,634437,California
Orange,3/11/2021,28806,1027560,15662,550361,9034,464939,4110,12260,13392,264747,15330,387190,17500,651937,California
Orange,3/12/2021,29116,1056676,14191,564552,11105,476044,3820,16080,14630,268810,14411,401601,18474,670411,California
Orange,3/13/2021,27647,1084323,10118,574670,13613,489657,3916,19996,13992,273115,13604,415205,17909,688320,California
Orange,3/14/2021,18757,1103080,8127,582797,8118,497775,2512,22508,11844,280582,6885,422090,14352,702672,California
Orange,3/15/2021,22912,1125992,10076,592873,12081,509856,755,23263,14312,287106,8538,430628,15062,717734,California
Orange,3/16/2021,26229,1152221,11074,603947,14935,524791,220,23483,17073,295324,9083,439711,17301,735035,California
Orange,3/17/2021,27097,1179318,13498,617445,13127,537918,472,23955,19376,307511,7660,447371,19847,754882,California
Orange,3/18/2021,27560,1206878,13840,631285,13449,551367,271,24226,21507,323298,5994,453365,21781,776663,California
Orange,3/19/2021,33214,1240092,18228,649513,14557,565924,429,24655,24786,340196,8327,461692,25225,801888,California
Orange,3/20/2021,25646,1265738,13467,662980,11975,577899,204,24859,21967,358745,3621,465313,22170,824058,California
Orange,3/21/2021,18335,1284073,10642,673622,6966,584865,727,25586,15601,372362,2711,468024,16328,840386,California
Orange,3/22/2021,22598,1306671,11672,685294,10607,595472,319,25905,19143,388446,3385,471409,19469,859855,California
Orange,3/23/2021,25815,1332486,13383,698677,11802,607274,630,26535,20778,404885,4971,476380,21410,881265,California
Orange,3/24/2021,28833,1361319,16084,714761,11869,619143,880,27415,21895,420793,6867,483247,22775,904040,California
Orange,3/25/2021,32051,1393370,17066,731827,14322,633465,663,28078,24137,437751,7841,491088,24799,928839,California
Orange,3/26/2021,34575,1427945,17942,749769,15786,649251,847,28925,24940,453992,9543,500631,25784,954623,California
Orange,3/27/2021,28249,1456194,13504,763273,14431,663682,314,29239,19753,465639,8422,509053,20069,974692,California
Orange,3/28/2021,24647,1480841,12749,776022,11831,675513,67,29306,18600,478322,5988,515041,18671,993363,California
Orange,3/29/2021,26310,1507151,12023,788045,13738,689251,549,29855,17912,488455,8329,523370,18462,1011825,California
Orange,3/30/2021,30378,1537529,13760,801805,16235,705486,383,30238,21274,501068,9045,532415,21658,1033483,California
Orange,3/31/2021,36708,1574237,19266,821071,16852,722338,590,30828,24096,513231,12528,544943,24691,1058174,California
Orange,4/1/2021,39629,1613866,20895,841966,17199,739537,1535,32363,25957,527122,13599,558542,27490,1085664,California
Orange,4/2/2021,39423,1653289,19908,861874,17862,757399,1653,34016,22466,534377,16871,575413,24126,1109790,California
Orange,4/3/2021,29542,1682831,15409,877283,12526,769925,1607,35623,14063,534634,15415,590828,15672,1125462,California
Orange,4/4/2021,18183,1701014,10613,887896,6884,776809,686,36309,8153,533482,9990,600818,8838,1134300,California
Orange,4/5/2021,29245,1730259,13873,901769,12149,788958,3223,39532,13791,535091,15400,616218,17009,1151309,California
Orange,4/6/2021,33008,1763267,15490,917259,14213,803171,3305,42837,14338,534135,18589,634807,17633,1168942,California
Orange,4/7/2021,35601,1798868,19944,937203,11231,814402,4426,47263,15740,534496,19790,654597,20151,1189093,California
Orange,4/8/2021,38071,1836939,21144,958347,11606,826008,5321,52584,18570,538956,19413,674010,23873,1212966,California
Orange,4/9/2021,40030,1876969,23292,981639,11713,837721,5025,57609,17671,539361,22279,696289,22684,1235650,California
Orange,4/10/2021,33692,1910661,17789,999428,11785,849506,4118,61727,13964,537777,19653,715942,18069,1253719,California
Orange,4/11/2021,25269,1935930,14233,1013661,7827,857333,3209,64936,9693,535135,15535,731477,12893,1266612,California
Orange,4/12/2021,30053,1965983,15260,1028921,11352,868685,3441,68377,11842,532240,18164,749641,15269,1281881,California
Orange,4/13/2021,32084,1998067,18021,1046942,14002,882687,61,68438,15011,530299,17011,766652,15070,1296951,California
Orange,4/14/2021,33639,2031706,19484,1066426,14125,896812,30,68468,14644,526055,18920,785572,14676,1311627,California
Orange,4/15/2021,39084,2070790,23691,1090117,15382,912194,11,68479,18094,523255,20907,806479,18107,1329734,California
Orange,4/16/2021,40430,2111220,23588,1113705,16817,929011,25,68504,18225,519389,22122,828601,18256,1347990,California
Orange,4/17/2021,29439,2140659,17129,1130834,12307,941318,3,68507,12684,515395,16685,845286,12691,1360681,California
Orange,4/18/2021,21190,2161849,12770,1143604,8419,949737,1,68508,8369,510990,12778,858064,8373,1369054,California
Orange,4/19/2021,31911,2193760,17432,1161036,14477,964214,2,68510,14688,508530,17153,875217,14693,1383747,California
Orange,4/20/2021,34709,2228469,17982,1179018,16725,980939,2,68512,17329,508548,17312,892529,17330,1401077,California
Orange,4/21/2021,39365,2267834,22422,1201440,16933,997872,10,68522,18279,505832,21005,913534,18289,1419366,California
Orange,4/22/2021,34309,2302143,18583,1220023,15721,1013593,5,68527,13234,498098,20979,934513,13245,1432611,California
Orange,4/23/2021,21597,2323740,10645,1230668,10948,1024541,4,68531,9864,496287,11681,946194,9870,1442481,California
Placer,12/15/2020,29,29,29,29,0,0,0,0,29,29,0,0,29,29,California
Placer,12/16/2020,54,83,54,83,0,0,0,0,54,83,0,0,54,83,California
Placer,12/17/2020,139,222,139,222,0,0,0,0,139,222,0,0,139,222,California
Placer,12/18/2020,331,553,331,553,0,0,0,0,331,553,0,0,331,553,California
Placer,12/19/2020,251,804,251,804,0,0,0,0,251,804,0,0,251,804,California
Placer,12/20/2020,234,1038,234,1038,0,0,0,0,234,1038,0,0,234,1038,California
Placer,12/21/2020,492,1530,491,1529,1,1,0,0,492,1530,0,0,492,1530,California
Placer,12/22/2020,676,2206,669,2198,7,8,0,0,676,2206,0,0,676,2206,California
Placer,12/23/2020,743,2949,658,2856,85,93,0,0,743,2949,0,0,743,2949,California
Placer,12/24/2020,398,3347,346,3202,52,145,0,0,398,3347,0,0,398,3347,California
Placer,12/26/2020,158,3505,113,3315,45,190,0,0,158,3505,0,0,158,3505,California
Placer,12/27/2020,186,3691,163,3478,23,213,0,0,186,3691,0,0,186,3691,California
Placer,12/28/2020,664,4355,537,4015,127,340,0,0,664,4355,0,0,664,4355,California
Placer,12/29/2020,761,5116,513,4528,248,588,0,0,761,5116,0,0,761,5116,California
Placer,12/30/2020,730,5846,454,4982,276,864,0,0,728,5844,0,0,728,5844,California
Placer,12/31/2020,528,6374,343,5325,185,1049,0,0,528,6372,0,0,528,6372,California
Placer,1/1/2021,15,6389,11,5336,4,1053,0,0,15,6387,0,0,15,6387,California
Placer,1/2/2021,184,6573,152,5488,32,1085,0,0,184,6571,0,0,184,6571,California
Placer,1/3/2021,154,6727,79,5567,75,1160,0,0,154,6725,0,0,154,6725,California
Placer,1/4/2021,618,7345,179,5746,439,1599,0,0,618,7343,0,0,618,7343,California
Placer,1/5/2021,724,8069,159,5905,565,2164,0,0,641,7903,82,82,642,7985,California
Placer,1/6/2021,760,8829,244,6149,516,2680,0,0,618,8379,142,224,618,8603,California
Placer,1/7/2021,982,9811,366,6515,616,3296,0,0,777,8951,205,429,777,9380,California
Placer,1/8/2021,1181,10992,528,7043,653,3949,0,0,854,9481,324,753,854,10234,California
Placer,1/9/2021,449,11441,321,7364,128,4077,0,0,233,9499,215,968,233,10467,California
Placer,1/10/2021,329,11770,186,7550,143,4220,0,0,164,9498,165,1133,164,10631,California
Placer,1/11/2021,1426,13196,808,8358,618,4838,0,0,837,9747,589,1722,838,11469,California
Placer,1/12/2021,1645,14841,874,9232,771,5609,0,0,1043,10188,602,2324,1043,12512,California
Placer,1/13/2021,1626,16467,818,10050,808,6417,0,0,1206,10978,418,2742,1208,13720,California
Placer,1/14/2021,1756,18223,652,10702,1104,7521,0,0,1401,12028,352,3094,1402,15122,California
Placer,1/15/2021,1907,20130,723,11425,1184,8705,0,0,1556,13235,350,3444,1557,16679,California
Placer,1/16/2021,1471,21601,719,12144,752,9457,0,0,1350,14465,121,3565,1351,18030,California
Placer,1/17/2021,562,22163,396,12540,166,9623,0,0,430,14763,132,3697,430,18460,California
Placer,1/18/2021,977,23140,540,13080,437,10060,0,0,747,15281,230,3927,748,19208,California
Placer,1/19/2021,2571,25711,1947,15027,624,10684,0,0,2120,16950,451,4378,2120,21328,California
Placer,1/20/2021,2244,27955,1694,16721,550,11234,0,0,1916,18539,328,4706,1917,23245,California
Placer,1/21/2021,2539,30494,1113,17834,1426,12660,0,0,2145,20292,393,5099,2146,25391,California
Placer,1/22/2021,2293,32787,591,18425,1702,14362,0,0,2120,22242,171,5270,2121,27512,California
Placer,1/23/2021,1189,33976,380,18805,809,15171,0,0,1034,23121,155,5425,1034,28546,California
Placer,1/24/2021,507,34483,264,19069,243,15414,0,0,431,23477,76,5501,432,28978,California
Placer,1/25/2021,1668,36151,800,19869,868,16282,0,0,1381,24572,287,5788,1382,30360,California
Placer,1/26/2021,1847,37998,1026,20895,821,17103,0,0,1583,25891,264,6052,1583,31943,California
Placer,1/27/2021,1840,39838,1154,22049,686,17789,0,0,1597,27248,241,6293,1598,33541,California
Placer,1/28/2021,1797,41635,1111,23160,686,18475,0,0,1550,28553,245,6538,1550,35091,California
Placer,1/29/2021,1886,43521,1171,24331,715,19190,0,0,1694,30058,191,6729,1696,36787,California
Placer,1/30/2021,1723,45244,970,25301,753,19943,0,0,1604,31544,118,6847,1604,38391,California
Placer,1/31/2021,780,46024,624,25925,156,20099,0,0,712,32189,68,6915,713,39104,California
Placer,2/1/2021,2068,48092,1088,27013,980,21079,0,0,1754,33629,314,7229,1754,40858,California
Placer,2/2/2021,2367,50459,1535,28548,832,21911,0,0,1882,35029,482,7711,1882,42740,California
Placer,2/3/2021,2912,53371,1872,30420,1040,22951,0,0,2291,36703,617,8328,2291,45031,California
Placer,2/4/2021,2756,56127,1186,31606,1570,24521,0,0,1934,37819,819,9147,1935,46966,California
Placer,2/5/2021,2725,58852,1201,32807,1524,26045,0,0,1399,37897,1321,10468,1399,48365,California
Placer,2/6/2021,1944,60796,1307,34114,637,26682,0,0,1395,38743,549,11017,1395,49760,California
Placer,2/7/2021,1218,62014,908,35022,310,26992,0,0,937,39400,280,11297,937,50697,California
Placer,2/8/2021,3299,65313,1767,36789,1532,28524,0,0,1975,40060,1316,12613,1976,52673,California
Placer,2/9/2021,3539,68852,2167,38956,1372,29896,0,0,1635,39793,1902,14515,1635,54308,California
Placer,2/10/2021,3745,72597,2190,41146,1555,31451,0,0,1745,39543,1997,16512,1747,56055,California
Placer,2/11/2021,3612,76209,1892,43038,1720,33171,0,0,1569,39078,2035,18547,1570,57625,California
Placer,2/12/2021,2749,78958,1317,44355,1432,34603,0,0,1653,39653,1079,19626,1654,59279,California
Placer,2/13/2021,2533,81491,1484,45839,1049,35652,0,0,1882,40884,651,20277,1882,61161,California
Placer,2/14/2021,1075,82566,674,46513,401,36053,0,0,735,41282,337,20614,735,61896,California
Placer,2/15/2021,2179,84745,1042,47555,1137,37190,0,0,1520,42143,660,21274,1521,63417,California
Placer,2/16/2021,3537,88282,1778,49333,1759,38949,0,0,1579,41774,1949,23223,1580,64997,California
Placer,2/17/2021,3536,91818,1961,51294,1575,40524,0,0,1506,41254,2026,25249,1506,66503,California
Placer,2/18/2021,3702,95520,1999,53293,1703,42227,0,0,1578,40718,2115,27364,1579,68082,California
Placer,2/19/2021,3565,99085,1910,55203,1655,43882,0,0,1318,39794,2243,29607,1319,69401,California
Placer,2/20/2021,1970,101055,1230,56433,740,44622,0,0,886,39605,1078,30685,889,70290,California
Placer,2/21/2021,970,102025,728,57161,242,44864,0,0,278,39195,689,31374,279,70569,California
Placer,2/22/2021,2513,104538,1768,58929,745,45609,0,0,601,37885,1911,33285,601,71170,California
Placer,2/23/2021,2531,107069,1564,60493,967,46576,0,0,876,37107,1654,34939,876,72046,California
Placer,2/24/2021,3257,110326,1173,61666,2084,48660,0,0,1778,37418,1469,36408,1780,73826,California
Placer,2/25/2021,3472,113798,1423,63089,2049,50709,0,0,1838,37630,1627,38035,1839,75665,California
Placer,2/26/2021,4089,117887,2372,65461,1717,52426,0,0,2349,38243,1736,39771,2349,78014,California
Placer,2/27/2021,2813,120700,1492,66953,1321,53747,0,0,1449,38337,1358,41129,1452,79466,California
Placer,2/28/2021,1389,122089,790,67743,599,54346,0,0,580,38114,803,41932,580,80046,California
Placer,3/1/2021,2984,125073,1985,69728,999,55345,0,0,1536,38207,1443,43375,1536,81582,California
Placer,3/2/2021,2865,127938,1760,71488,1105,56450,0,0,1876,39099,984,44359,1876,83458,California
Placer,3/3/2021,3291,131229,1400,72888,1891,58341,0,0,1794,39403,1491,45850,1795,85253,California
Placer,3/4/2021,3563,134792,1425,74313,2138,60479,0,0,1850,39553,1701,47551,1851,87104,California
Placer,3/5/2021,2989,137781,1024,75337,1943,62422,22,22,1792,40172,1195,48746,1814,88918,California
Placer,3/6/2021,2396,140177,1481,76818,819,63241,96,118,919,39717,1470,50216,1015,89933,California
Placer,3/7/2021,1294,141471,755,77573,501,63742,38,156,526,39516,765,50981,564,90497,California
Placer,3/8/2021,2908,144379,1827,79400,968,64710,113,269,1651,40024,1256,52237,1764,92261,California
Placer,3/9/2021,3160,147539,1678,81078,1392,66102,90,359,1809,40575,1348,53585,1899,94160,California
Placer,3/10/2021,3266,150805,1314,82392,1845,67947,107,466,1703,40827,1558,55143,1810,95970,California
Placer,3/11/2021,3541,154346,1587,83979,1830,69777,124,590,1702,40824,1831,56974,1828,97798,California
Placer,3/12/2021,3664,158010,1479,85458,1405,71182,780,1370,1248,40443,2410,59384,2029,99827,California
Placer,3/13/2021,2103,160113,737,86195,1248,72430,118,1488,1130,40722,970,60354,1249,101076,California
Placer,3/14/2021,1635,161748,672,86867,814,73244,149,1637,889,41015,745,61099,1038,102114,California
Placer,3/15/2021,3171,164919,1527,88394,1513,74757,131,1768,1758,41495,1411,62510,1891,104005,California
Placer,3/16/2021,3545,168464,1910,90304,1502,76259,133,1901,2277,42647,1259,63769,2411,106416,California
Placer,3/17/2021,3393,171857,1724,92028,1570,77829,99,2000,2198,43753,1193,64962,2299,108715,California
Placer,3/18/2021,3952,175809,2195,94223,1719,79548,38,2038,2816,45476,1130,66092,2853,111568,California
Placer,3/19/2021,3409,179218,2060,96283,1085,80633,264,2302,2174,46685,1228,67320,2437,114005,California
Placer,3/20/2021,2134,181352,895,97178,1142,81775,97,2399,1304,47259,826,68146,1400,115405,California
Placer,3/21/2021,1245,182597,571,97749,665,82440,9,2408,938,47902,304,68450,947,116352,California
Placer,3/22/2021,3261,185858,2096,99845,1078,83518,87,2495,2191,49115,1066,69516,2279,118631,California
Placer,3/23/2021,3516,189374,2090,101935,1335,84853,91,2586,2521,50738,990,70506,2613,121244,California
Placer,3/24/2021,3759,193133,1998,103933,1664,86517,97,2683,1955,50998,1792,72298,2052,123296,California
Placer,3/25/2021,3769,196902,1795,105728,1877,88394,97,2780,1724,50782,2036,74334,1820,125116,California
Placer,3/26/2021,3740,200642,1654,107382,1854,90248,232,3012,1581,50446,2149,76483,1813,126929,California
Placer,3/27/2021,1591,202233,469,107851,1102,91350,20,3032,647,50176,937,77420,667,127596,California
Placer,3/28/2021,1095,203328,526,108377,559,91909,10,3042,368,49832,722,78142,378,127974,California
Placer,3/29/2021,3546,206874,1982,110359,1530,93439,34,3076,1720,49771,1816,79958,1755,129729,California
Placer,3/30/2021,3982,210856,2111,112470,1827,95266,44,3120,2105,50055,1864,81822,2148,131877,California
Placer,3/31/2021,4057,214913,1829,114299,2154,97420,74,3194,1687,49452,2363,84185,1760,133637,California
Placer,4/1/2021,2860,217773,1366,115665,1449,98869,45,3239,1592,49823,1266,85451,1637,135274,California
Placer,4/2/2021,2781,220554,1438,117103,1279,100148,64,3303,1552,50217,1221,86672,1615,136889,California
Placer,4/3/2021,1854,222408,983,118086,741,100889,130,3433,891,50281,956,87628,1020,137909,California
Placer,4/4/2021,706,223114,360,118446,293,101182,53,3486,284,50198,420,88048,337,138246,California
Placer,4/5/2021,2988,226102,1892,120338,914,102096,182,3668,1744,50884,1240,89288,1926,140172,California
Placer,4/6/2021,4263,230365,2466,122804,1499,103595,298,3966,1520,49964,2738,92026,1818,141990,California
Placer,4/7/2021,4484,234849,2563,125367,1461,105056,460,4426,2049,50042,2429,94455,2507,144497,California
Placer,4/8/2021,4666,239515,2590,127957,1532,106588,544,4970,1571,49074,3083,97538,2115,146612,California
Placer,4/9/2021,4054,243569,2238,130195,1203,107791,613,5583,1205,48052,2842,100380,1820,148432,California
Placer,4/10/2021,1975,245544,854,131049,943,108734,178,5761,845,47947,1127,101507,1022,149454,California
Placer,4/11/2021,1311,246855,500,131549,778,109512,33,5794,425,47522,882,102389,457,149911,California
Placer,4/12/2021,4101,250956,2652,134201,1069,110581,380,6174,2469,48747,1623,104012,2848,152759,California
Placer,4/13/2021,4332,255288,2985,137186,1346,111927,1,6175,2188,48796,2140,106152,2189,154948,California
Placer,4/14/2021,4054,259342,2506,139692,1547,113474,1,6176,1794,48339,2251,108403,1794,156742,California
Placer,4/15/2021,4379,263721,2422,142114,1956,115430,1,6177,2276,48521,2095,110498,2277,159019,California
Placer,4/16/2021,3625,267346,2148,144262,1477,116907,0,6177,1419,47740,2200,112698,1419,160438,California
Placer,4/17/2021,2318,269664,781,145043,1537,118444,0,6177,1442,48309,873,113571,1442,161880,California
Placer,4/18/2021,1143,270807,223,145266,920,119364,0,6177,398,47965,742,114313,398,162278,California
Placer,4/19/2021,2866,273673,1752,147018,1114,120478,0,6177,1137,47377,1726,116039,1138,163416,California
Placer,4/20/2021,3741,277414,2420,149438,1321,121799,0,6177,2380,48404,1353,117392,2380,165796,California
Placer,4/21/2021,3589,281003,2360,151798,1228,123027,1,6178,2337,49495,1247,118639,2338,168134,California
Placer,4/22/2021,2974,283977,1854,153652,1120,124147,0,6178,1508,49540,1464,120103,1509,169643,California
Placer,4/23/2021,963,284940,521,154173,441,124588,1,6179,532,49643,430,120533,533,170176,California
Plumas,12/18/2020,4,4,4,4,0,0,0,0,4,4,0,0,4,4,California
Plumas,12/19/2020,1,5,1,5,0,0,0,0,1,5,0,0,1,5,California
Plumas,12/21/2020,45,50,45,50,0,0,0,0,45,50,0,0,45,50,California
Plumas,12/22/2020,92,142,92,142,0,0,0,0,92,142,0,0,92,142,California
Plumas,12/23/2020,50,192,50,192,0,0,0,0,50,192,0,0,50,192,California
Plumas,12/24/2020,6,198,6,198,0,0,0,0,6,198,0,0,6,198,California
Plumas,12/28/2020,8,206,0,198,8,8,0,0,8,206,0,0,8,206,California
Plumas,12/29/2020,32,238,22,220,10,18,0,0,32,238,0,0,32,238,California
Plumas,12/30/2020,22,260,1,221,21,39,0,0,22,260,0,0,22,260,California
Plumas,12/31/2020,4,264,1,222,3,42,0,0,4,264,0,0,4,264,California
Plumas,1/4/2021,10,274,4,226,6,48,0,0,10,274,0,0,10,274,California
Plumas,1/5/2021,22,296,2,228,20,68,0,0,22,296,0,0,22,296,California
Plumas,1/6/2021,124,420,5,233,119,187,0,0,124,420,0,0,124,420,California
Plumas,1/7/2021,53,473,2,235,51,238,0,0,52,471,1,1,52,472,California
Plumas,1/8/2021,12,485,5,240,7,245,0,0,8,475,4,5,8,480,California
Plumas,1/9/2021,2,487,2,242,0,245,0,0,1,475,1,6,1,481,California
Plumas,1/11/2021,59,546,50,292,9,254,0,0,12,440,47,53,12,493,California
Plumas,1/12/2021,155,701,86,378,69,323,0,0,71,427,84,137,71,564,California
Plumas,1/13/2021,56,757,50,428,6,329,0,0,10,391,46,183,10,574,California
Plumas,1/14/2021,96,853,14,442,82,411,0,0,91,477,5,188,91,665,California
Plumas,1/15/2021,62,915,7,449,55,466,0,0,60,535,2,190,60,725,California
Plumas,1/16/2021,58,973,1,450,57,523,0,0,58,593,0,190,58,783,California
Plumas,1/18/2021,2,975,1,451,1,524,0,0,2,595,0,190,2,785,California
Plumas,1/19/2021,36,1011,5,456,31,555,0,0,32,623,4,194,32,817,California
Plumas,1/20/2021,121,1132,3,459,118,673,0,0,119,740,2,196,119,936,California
Plumas,1/21/2021,113,1245,2,461,111,784,0,0,113,853,0,196,113,1049,California
Plumas,1/22/2021,4,1249,0,461,4,788,0,0,4,857,0,196,4,1053,California
Plumas,1/23/2021,92,1341,1,462,91,879,0,0,92,949,0,196,92,1145,California
Plumas,1/24/2021,1,1342,1,463,0,879,0,0,1,950,0,196,1,1146,California
Plumas,1/25/2021,10,1352,7,470,3,882,0,0,7,954,3,199,7,1153,California
Plumas,1/26/2021,60,1412,2,472,58,940,0,0,52,998,8,207,52,1205,California
Plumas,1/27/2021,25,1437,20,492,5,945,0,0,5,983,20,227,5,1210,California
Plumas,1/28/2021,23,1460,0,492,23,968,0,0,21,1002,2,229,21,1231,California
Plumas,1/29/2021,8,1468,2,494,6,974,0,0,7,1008,1,230,7,1238,California
Plumas,1/30/2021,8,1476,4,498,4,978,0,0,7,1014,1,231,7,1245,California
Plumas,1/31/2021,3,1479,3,501,0,978,0,0,3,1017,0,231,3,1248,California
Plumas,2/1/2021,15,1494,2,503,13,991,0,0,7,1016,8,239,7,1255,California
Plumas,2/2/2021,20,1514,1,504,19,1010,0,0,1,998,19,258,1,1256,California
Plumas,2/3/2021,128,1642,8,512,120,1130,0,0,13,897,114,372,13,1269,California
Plumas,2/4/2021,101,1743,8,520,93,1223,0,0,23,842,78,450,23,1292,California
Plumas,2/5/2021,24,1767,11,531,13,1236,0,0,9,836,15,465,9,1301,California
Plumas,2/6/2021,7,1774,0,531,7,1243,0,0,7,843,0,465,7,1308,California
Plumas,2/8/2021,16,1790,7,538,9,1252,0,0,4,835,12,477,4,1312,California
Plumas,2/9/2021,171,1961,1,539,170,1422,0,0,111,886,60,537,111,1423,California
Plumas,2/10/2021,89,2050,9,548,80,1502,0,0,80,958,9,546,81,1504,California
Plumas,2/11/2021,322,2372,7,555,315,1817,0,0,263,1162,59,605,263,1767,California
Plumas,2/12/2021,122,2494,3,558,119,1936,0,0,118,1276,4,609,118,1885,California
Plumas,2/13/2021,73,2567,4,562,69,2005,0,0,14,1231,59,668,14,1899,California
Plumas,2/14/2021,8,2575,5,567,3,2008,0,0,8,1239,0,668,8,1907,California
Plumas,2/15/2021,28,2603,5,572,23,2031,0,0,25,1261,3,671,25,1932,California
Plumas,2/16/2021,76,2679,4,576,72,2103,0,0,14,1213,62,733,14,1946,California
Plumas,2/17/2021,136,2815,5,581,131,2234,0,0,12,1101,124,857,12,1958,California
Plumas,2/18/2021,128,2943,6,587,122,2356,0,0,19,1011,109,966,19,1977,California
Plumas,2/19/2021,41,2984,4,591,37,2393,0,0,6,982,35,1001,6,1983,California
Plumas,2/20/2021,103,3087,6,597,97,2490,0,0,11,901,92,1093,11,1994,California
Plumas,2/21/2021,6,3093,5,602,1,2491,0,0,2,899,4,1097,2,1996,California
Plumas,2/22/2021,3,3096,1,603,2,2493,0,0,0,896,3,1100,0,1996,California
Plumas,2/23/2021,24,3120,4,607,20,2513,0,0,16,904,8,1108,16,2012,California
Plumas,2/24/2021,456,3576,6,613,450,2963,0,0,443,1334,13,1121,443,2455,California
Plumas,2/25/2021,231,3807,9,622,222,3185,0,0,171,1445,60,1181,171,2626,California
Plumas,2/26/2021,264,4071,8,630,256,3441,0,0,256,1694,8,1189,257,2883,California
Plumas,2/27/2021,41,4112,4,634,37,3478,0,0,34,1721,7,1196,34,2917,California
Plumas,2/28/2021,1,4113,0,634,1,3479,0,0,1,1722,0,1196,1,2918,California
Plumas,3/1/2021,12,4125,3,637,9,3488,0,0,7,1725,4,1200,7,2925,California
Plumas,3/2/2021,8,4133,0,637,8,3496,0,0,6,1729,2,1202,6,2931,California
Plumas,3/3/2021,152,4285,10,647,142,3638,0,0,136,1849,16,1218,136,3067,California
Plumas,3/4/2021,250,4535,9,656,241,3879,0,0,229,2057,21,1239,229,3296,California
Plumas,3/5/2021,397,4932,6,662,386,4265,5,5,386,2437,11,1250,391,3687,California
Plumas,3/6/2021,17,4949,2,664,7,4272,8,13,3,2434,14,1264,11,3698,California
Plumas,3/7/2021,13,4962,2,666,2,4274,9,22,3,2436,10,1274,12,3710,California
Plumas,3/8/2021,29,4991,3,669,2,4276,24,46,3,2437,26,1300,27,3737,California
Plumas,3/9/2021,132,5123,1,670,116,4392,15,61,18,2356,114,1414,33,3770,California
Plumas,3/10/2021,255,5378,3,673,238,4630,14,75,108,2332,146,1560,122,3892,California
Plumas,3/11/2021,181,5559,8,681,168,4798,5,80,146,2448,35,1595,151,4043,California
Plumas,3/12/2021,595,6154,3,684,304,5102,288,368,23,2187,572,2167,311,4354,California
Plumas,3/13/2021,25,6179,4,688,10,5112,11,379,5,2183,20,2187,16,4370,California
Plumas,3/14/2021,12,6191,3,691,4,5116,5,384,1,2179,10,2197,6,4376,California
Plumas,3/15/2021,34,6225,1,692,26,5142,7,391,7,2166,27,2224,14,4390,California
Plumas,3/16/2021,59,6284,2,694,56,5198,1,392,49,2206,10,2234,50,4440,California
Plumas,3/17/2021,74,6358,10,704,63,5261,1,393,59,2252,14,2248,60,4500,California
Plumas,3/18/2021,57,6415,6,710,34,5295,17,410,8,2228,49,2297,25,4525,California
Plumas,3/19/2021,164,6579,6,716,156,5451,2,412,155,2379,7,2304,158,4683,California
Plumas,3/20/2021,693,7272,4,720,688,6139,1,413,672,3033,19,2323,673,5356,California
Plumas,3/21/2021,2,7274,1,721,1,6140,0,413,1,3034,0,2323,1,5357,California
Plumas,3/22/2021,182,7456,2,723,180,6320,0,413,175,3202,7,2330,175,5532,California
Plumas,3/23/2021,27,7483,2,725,25,6345,0,413,13,3201,14,2344,13,5545,California
Plumas,3/24/2021,650,8133,7,732,642,6987,1,414,220,2993,429,2773,221,5766,California
Plumas,3/25/2021,291,8424,5,737,284,7271,2,416,151,3004,140,2913,151,5917,California
Plumas,3/26/2021,307,8731,7,744,300,7571,0,416,45,2788,261,3174,45,5962,California
Plumas,3/27/2021,12,8743,1,745,10,7581,1,417,2,2781,10,3184,3,5965,California
Plumas,3/28/2021,5,8748,3,748,1,7582,1,418,3,2783,2,3186,4,5969,California
Plumas,3/29/2021,13,8761,4,752,8,7590,1,419,5,2781,8,3194,6,5975,California
Plumas,3/30/2021,151,8912,3,755,147,7737,1,420,24,2679,127,3321,25,6000,California
Plumas,3/31/2021,287,9199,2,757,284,8021,1,421,268,2929,19,3340,269,6269,California
Plumas,4/1/2021,291,9490,12,769,279,8300,0,421,59,2757,231,3571,59,6328,California
Plumas,4/2/2021,373,9863,4,773,368,8668,1,422,27,2451,334,3905,28,6356,California
Plumas,4/3/2021,16,9879,2,775,6,8674,8,430,3,2449,13,3918,11,6367,California
Plumas,4/4/2021,3,9882,1,776,1,8675,1,431,0,2447,3,3921,1,6368,California
Plumas,4/5/2021,13,9895,4,780,8,8683,1,432,6,2447,7,3928,7,6375,California
Plumas,4/6/2021,120,10015,6,786,83,8766,31,463,13,2379,107,4035,39,6414,California
Plumas,4/7/2021,281,10296,7,793,99,8865,175,638,27,2327,254,4289,202,6616,California
Plumas,4/8/2021,149,10445,3,796,131,8996,15,653,34,2261,114,4403,48,6664,California
Plumas,4/9/2021,50,10495,9,805,25,9021,16,669,19,2264,31,4434,34,6698,California
Plumas,4/10/2021,23,10518,2,807,5,9026,16,685,4,2265,19,4453,20,6718,California
Plumas,4/11/2021,4,10522,3,810,0,9026,1,686,3,2268,1,4454,4,6722,California
Plumas,4/12/2021,10,10532,4,814,4,9030,2,688,6,2272,4,4458,8,6730,California
Plumas,4/13/2021,207,10739,5,819,202,9232,0,688,138,2341,69,4527,138,6868,California
Plumas,4/14/2021,108,10847,7,826,101,9333,0,688,54,2341,54,4581,54,6922,California
Plumas,4/15/2021,48,10895,3,829,45,9378,0,688,33,2359,15,4596,33,6955,California
Plumas,4/16/2021,144,11039,4,833,140,9518,0,688,4,2223,140,4736,4,6959,California
Plumas,4/17/2021,665,11704,1,834,664,10182,0,688,20,1600,643,5379,20,6979,California
Plumas,4/18/2021,3,11707,2,836,1,10183,0,688,1,1599,2,5381,1,6980,California
Plumas,4/19/2021,38,11745,3,839,35,10218,0,688,5,1571,33,5414,5,6985,California
Plumas,4/20/2021,40,11785,4,843,36,10254,0,688,25,1581,15,5429,25,7010,California
Plumas,4/21/2021,237,12022,5,848,227,10481,5,693,17,1379,219,5648,17,7027,California
Plumas,4/22/2021,264,12286,7,855,257,10738,0,693,131,1377,133,5781,131,7158,California
Plumas,4/23/2021,54,12340,1,856,53,10791,0,693,2,1327,52,5833,2,7160,California
Riverside,12/15/2020,4,4,4,4,0,0,0,0,4,4,0,0,4,4,California
Riverside,12/16/2020,64,68,64,68,0,0,0,0,64,68,0,0,64,68,California
Riverside,12/17/2020,805,873,805,873,0,0,0,0,805,873,0,0,805,873,California
Riverside,12/18/2020,1725,2598,1724,2597,1,1,0,0,1725,2598,0,0,1725,2598,California
Riverside,12/19/2020,1026,3624,1023,3620,3,4,0,0,1024,3621,1,1,1024,3622,California
Riverside,12/20/2020,1084,4708,1083,4703,1,5,0,0,1084,4705,0,1,1084,4706,California
Riverside,12/21/2020,2272,6980,2270,6973,2,7,0,0,2272,6977,0,1,2272,6978,California
Riverside,12/22/2020,2251,9231,2212,9185,39,46,0,0,2250,9227,0,1,2250,9228,California
Riverside,12/23/2020,2127,11358,1791,10976,336,382,0,0,2128,11355,0,1,2128,11356,California
Riverside,12/24/2020,826,12184,624,11600,202,584,0,0,826,12181,0,1,826,12182,California
Riverside,12/25/2020,28,12212,5,11605,23,607,0,0,28,12209,0,1,28,12210,California
Riverside,12/26/2020,400,12612,257,11862,143,750,0,0,400,12609,0,1,400,12610,California
Riverside,12/27/2020,361,12973,243,12105,118,868,0,0,361,12970,0,1,361,12971,California
Riverside,12/28/2020,1626,14599,1126,13231,500,1368,0,0,1626,14596,0,1,1626,14597,California
Riverside,12/29/2020,1735,16334,972,14203,763,2131,0,0,1735,16331,0,1,1735,16332,California
Riverside,12/30/2020,2571,18905,1680,15883,891,3022,0,0,2570,18901,0,1,2570,18902,California
Riverside,12/31/2020,1022,19927,394,16277,628,3650,0,0,1024,19925,0,1,1024,19926,California
Riverside,1/1/2021,107,20034,42,16319,65,3715,0,0,107,20032,0,1,107,20033,California
Riverside,1/2/2021,830,20864,691,17010,139,3854,0,0,830,20862,0,1,830,20863,California
Riverside,1/3/2021,345,21209,300,17310,45,3899,0,0,344,21206,0,1,344,21207,California
Riverside,1/4/2021,1257,22466,792,18102,465,4364,0,0,1257,22463,0,1,1257,22464,California
Riverside,1/5/2021,1978,24444,1362,19464,616,4980,0,0,1884,24259,88,89,1884,24348,California
Riverside,1/6/2021,2474,26918,1103,20567,1371,6351,0,0,2168,26125,302,391,2168,26516,California
Riverside,1/7/2021,2767,29685,1814,22381,953,7304,0,0,1704,26772,1059,1450,1706,28222,California
Riverside,1/8/2021,4045,33730,2936,25317,1109,8413,0,0,2233,27197,1808,3258,2233,30455,California
Riverside,1/9/2021,2068,35798,845,26162,1223,9636,0,0,1722,28574,345,3603,1722,32177,California
Riverside,1/10/2021,1663,37461,734,26896,929,10565,0,0,1060,29031,603,4206,1060,33237,California
Riverside,1/11/2021,4509,41970,3094,29990,1415,11980,0,0,2777,30079,1730,5936,2778,36015,California
Riverside,1/12/2021,3402,45372,2730,32720,672,12652,0,0,1715,30112,1682,7618,1715,37730,California
Riverside,1/13/2021,4382,49754,2868,35588,1514,14166,0,0,2779,31291,1600,9218,2779,40509,California
Riverside,1/14/2021,5463,55217,1866,37454,3597,17763,0,0,4877,35582,586,9804,4877,45386,California
Riverside,1/15/2021,6139,61356,2092,39546,4047,21810,0,0,5852,41148,286,10090,5852,51238,California
Riverside,1/16/2021,3610,64966,1017,40563,2593,24403,0,0,3365,44269,245,10335,3366,54604,California
Riverside,1/17/2021,3590,68556,582,41145,3008,27411,0,0,3395,47470,194,10529,3395,57999,California
Riverside,1/18/2021,3717,72273,2018,43163,1699,29110,0,0,2712,49177,1005,11534,2712,60711,California
Riverside,1/19/2021,7399,79672,2637,45800,4762,33872,0,0,6281,54341,1118,12652,6282,66993,California
Riverside,1/20/2021,7955,87627,2873,48673,5082,38954,0,0,6473,59345,1473,14125,6477,73470,California
Riverside,1/21/2021,8215,95842,3378,52051,4837,43791,0,0,7601,66331,615,14740,7601,81071,California
Riverside,1/22/2021,8701,104543,2963,55014,5738,49529,0,0,8273,74179,426,15166,8274,89345,California
Riverside,1/23/2021,5921,110464,2393,57407,3528,53057,0,0,5193,78645,728,15894,5194,94539,California
Riverside,1/24/2021,3032,113496,1430,58837,1602,54659,0,0,2819,81255,210,16104,2820,97359,California
Riverside,1/25/2021,7872,121368,4534,63371,3338,57997,0,0,6749,86883,1122,17226,6750,104109,California
Riverside,1/26/2021,9118,130486,5735,69106,3383,61380,0,0,7606,92980,1510,18736,7607,111716,California
Riverside,1/27/2021,10831,141317,6353,75459,4478,65858,0,0,9269,100693,1559,20295,9272,120988,California
Riverside,1/28/2021,11407,152724,6714,82173,4693,70551,0,0,10251,109797,1148,21443,10252,131240,California
Riverside,1/29/2021,11848,164572,7230,89403,4618,75169,0,0,10480,118942,1341,22784,10486,141726,California
Riverside,1/30/2021,9042,173614,4606,94009,4436,79605,0,0,8581,127066,458,23242,8582,150308,California
Riverside,1/31/2021,5146,178760,4242,98251,904,80509,0,0,5014,131953,131,23373,5018,155326,California
Riverside,2/1/2021,10840,189600,6698,104949,4142,84651,0,0,9063,139248,1771,25144,9066,164392,California
Riverside,2/2/2021,9501,199101,4849,109798,4652,89303,0,0,8019,145794,1475,26619,8021,172413,California
Riverside,2/3/2021,11994,211095,4975,114773,7019,96322,0,0,9766,153342,2218,28837,9766,182179,California
Riverside,2/4/2021,13545,224640,6045,120818,7500,103822,0,0,11457,162720,2081,30918,11459,193638,California
Riverside,2/5/2021,14313,238953,5396,126214,8917,112739,0,0,11277,170973,3028,33946,11281,204919,California
Riverside,2/6/2021,7252,246205,4282,130496,2970,115709,0,0,5614,174960,1630,35576,5617,210536,California
Riverside,2/7/2021,2162,248367,792,131288,1370,117079,0,0,1846,176492,315,35891,1847,212383,California
Riverside,2/8/2021,12437,260804,5526,136814,6911,123990,0,0,10157,184389,2263,38154,10160,222543,California
Riverside,2/9/2021,9637,270441,4522,141336,5115,129105,0,0,7723,190211,1906,40060,7728,230271,California
Riverside,2/10/2021,12050,282491,6975,148311,5075,134180,0,0,8900,195981,3138,43198,8908,239179,California
Riverside,2/11/2021,16547,299038,9032,157343,7515,141695,0,0,12170,203810,4355,47553,12184,251363,California
Riverside,2/12/2021,17662,316700,10812,168155,6850,148545,0,0,12825,211851,4794,52347,12835,264198,California
Riverside,2/13/2021,6317,323017,2124,170279,4193,152738,0,0,3089,211751,3210,55557,3110,267308,California
Riverside,2/14/2021,4925,327942,1122,171401,3803,156541,0,0,2175,211181,2746,58303,2176,269484,California
Riverside,2/15/2021,9805,337747,4995,176396,4810,161351,0,0,5400,212190,4398,62701,5407,274891,California
Riverside,2/16/2021,16100,353847,10107,186503,5993,167344,0,0,9250,214603,6844,69545,9257,284148,California
Riverside,2/17/2021,14996,368843,8192,194695,6804,174148,0,0,7438,214504,7546,77091,7447,291595,California
Riverside,2/18/2021,15466,384309,8938,203633,6528,180676,0,0,8052,215172,7397,84488,8065,299660,California
Riverside,2/19/2021,15233,399542,8212,211845,7021,187697,0,0,7208,214382,8006,92494,7216,306876,California
Riverside,2/20/2021,8056,407598,4252,216097,3804,191501,0,0,2089,210522,5952,98446,2092,308968,California
Riverside,2/21/2021,3407,411005,2893,218990,514,192015,0,0,1025,209178,2369,100815,1025,309993,California
Riverside,2/22/2021,12316,423321,7736,226726,4580,196595,0,0,5094,207072,7205,108020,5099,315092,California
Riverside,2/23/2021,11065,434386,7543,234269,3522,200117,0,0,5379,206796,5659,113679,5383,320475,California
Riverside,2/24/2021,14784,449170,8092,242361,6692,206809,0,0,6301,204670,8444,122123,6318,326793,California
Riverside,2/25/2021,17283,466453,7358,249719,9925,216734,0,0,8019,203471,9243,131366,8044,334837,California
Riverside,2/26/2021,18546,484999,6689,256408,11857,228591,0,0,9267,203547,9223,140589,9299,344136,California
Riverside,2/27/2021,11343,496342,4908,261316,6435,235026,0,0,5664,203590,5647,146236,5690,349826,California
Riverside,2/28/2021,4611,500953,2947,264263,1664,236690,0,0,2375,203746,2226,148462,2382,352208,California
Riverside,3/1/2021,14260,515213,6070,270333,8189,244879,1,1,8415,206372,5817,154279,8443,360651,California
Riverside,3/2/2021,15250,530463,7428,277761,7821,252700,1,2,8962,209097,6266,160545,8991,369642,California
Riverside,3/3/2021,16714,547177,8262,286023,8452,261152,0,2,7168,206891,9499,170044,7293,376935,California
Riverside,3/4/2021,18534,565711,7387,293410,11143,272295,4,6,8792,206137,9700,179744,8946,385881,California
Riverside,3/5/2021,18675,584386,7486,300896,11145,283440,44,50,9245,206321,9380,189124,9564,395445,California
Riverside,3/6/2021,9373,593759,4964,305860,3931,287371,478,528,4654,206778,4705,193829,5162,400607,California
Riverside,3/7/2021,4166,597925,2692,308552,1086,288457,388,916,1956,206925,2201,196030,2348,402955,California
Riverside,3/8/2021,11898,609823,4732,313284,6765,295222,401,1317,5301,206093,6581,202611,5749,408704,California
Riverside,3/9/2021,14628,624451,6754,320038,7379,302601,495,1812,5771,203656,8841,211452,6404,415108,California
Riverside,3/10/2021,15559,640010,8358,328396,6326,308927,875,2687,5991,201141,9534,220986,7019,422127,California
Riverside,3/11/2021,19146,659156,9414,337810,7897,316824,1835,4522,7545,199162,11569,232555,9590,431717,California
Riverside,3/12/2021,21073,680229,7906,345716,8483,325307,4684,9206,7080,197294,13963,246518,12095,443812,California
Riverside,3/13/2021,8334,688563,2500,348216,4666,329973,1168,10374,4282,198790,4033,250551,5529,449341,California
Riverside,3/14/2021,4597,693160,1577,349793,1731,331704,1289,11663,2039,199567,2548,253099,3325,452666,California
Riverside,3/15/2021,18596,711756,7831,357624,9096,340800,1669,13332,9137,201053,9421,262520,10907,463573,California
Riverside,3/16/2021,20843,732599,10103,367727,9927,350727,813,14145,11360,203874,9446,271966,12267,475840,California
Riverside,3/17/2021,21225,753824,10880,378607,9298,360025,1047,15192,12747,209283,8447,280413,13856,489696,California
Riverside,3/18/2021,22517,776341,11701,390308,9164,369189,1652,16844,12501,213471,9973,290386,14161,503857,California
Riverside,3/19/2021,23976,800317,12564,402872,10464,379653,948,17792,14027,218908,9900,300286,15337,519194,California
Riverside,3/20/2021,10569,810886,6831,409703,2577,382230,1161,18953,6808,223140,3738,304024,7970,527164,California
Riverside,3/21/2021,3669,814555,2865,412568,551,382781,253,19206,2520,224778,1136,305160,2774,529938,California
Riverside,3/22/2021,16596,831151,9900,422468,6144,388925,552,19758,10585,229940,5972,311132,11134,541072,California
Riverside,3/23/2021,18509,849660,10478,432946,7610,396535,421,20179,11940,235797,6521,317653,12378,553450,California
Riverside,3/24/2021,18623,868283,10381,443327,8123,404658,119,20298,12826,242993,5755,323408,12951,566401,California
Riverside,3/25/2021,21064,889347,11632,454959,9256,413914,176,20474,14205,250584,6795,330203,14386,580787,California
Riverside,3/26/2021,24015,913362,11852,466811,11991,425905,172,20646,15003,256838,8925,339128,15179,595966,California
Riverside,3/27/2021,9220,922582,4842,471653,3324,429229,1054,21700,4760,258209,4444,343572,5815,601781,California
Riverside,3/28/2021,4722,927304,3106,474759,1524,430753,92,21792,2841,259270,1873,345445,2934,604715,California
Riverside,3/29/2021,17522,944826,8421,483180,8984,439737,117,21909,10896,263699,6594,352039,11023,615738,California
Riverside,3/30/2021,18270,963096,9530,492710,8537,448274,203,22112,11776,269219,6462,358501,11982,627720,California
Riverside,3/31/2021,17950,981046,8364,501074,9285,457559,301,22413,11488,274595,6423,364924,11799,639519,California
Riverside,4/1/2021,25258,1006304,12361,513435,12156,469715,741,23154,16421,282968,8788,373712,17161,656680,California
Riverside,4/2/2021,25902,1032206,13986,527421,10990,480705,926,24080,16320,290909,9534,383246,17475,674155,California
Riverside,4/3/2021,9086,1041292,5752,533173,2774,483479,560,24640,5865,294128,3205,386451,6424,680579,California
Riverside,4/4/2021,3334,1044626,2039,535212,1077,484556,218,24858,1743,294502,1587,388038,1961,682540,California
Riverside,4/5/2021,18079,1062705,9357,544569,6906,491462,1816,26674,9827,297925,8223,396261,11646,694186,California
Riverside,4/6/2021,23534,1086239,12242,556811,9210,500672,2082,28756,13115,302746,10372,406633,15193,709379,California
Riverside,4/7/2021,24447,1110686,13170,569981,8826,509498,2451,31207,13650,308091,10758,417391,16103,725482,California
Riverside,4/8/2021,26869,1137555,14793,584774,9169,518667,2907,34114,16400,316977,10409,427800,19295,744777,California
Riverside,4/9/2021,25927,1163482,15300,600074,8243,526910,2384,36498,15857,325214,10026,437826,18263,763040,California
Riverside,4/10/2021,11706,1175188,6586,606660,3742,530652,1378,37876,5047,325018,6618,444444,6422,769462,California
Riverside,4/11/2021,4537,1179725,2720,609380,1233,531885,584,38460,2158,325392,2368,446812,2742,772204,California
Riverside,4/12/2021,19895,1199620,8886,618266,8441,540326,2568,41028,10009,328123,9848,456660,12579,784783,California
Riverside,4/13/2021,19719,1219339,11116,629382,8575,548901,28,41056,11274,331024,8403,465063,11304,796087,California
Riverside,4/14/2021,21844,1241183,12053,641435,9778,558679,13,41069,10705,330664,11082,476145,10722,806809,California
Riverside,4/15/2021,21264,1262447,11958,653393,9299,567978,7,41076,11085,331635,10123,486268,11094,817903,California
Riverside,4/16/2021,24318,1286765,13968,667361,10344,578322,6,41082,11288,329953,12983,499251,11301,829204,California
Riverside,4/17/2021,9784,1296549,6435,673796,3349,581671,0,41082,4950,330089,4820,504071,4956,834160,California
Riverside,4/18/2021,3581,1300130,2537,676333,1037,582708,7,41089,1701,329931,1868,505939,1710,835870,California
Riverside,4/19/2021,18769,1318899,10972,687305,7795,590503,2,41091,6578,324360,12155,518094,6584,842454,California
Riverside,4/20/2021,17965,1336864,9289,696594,8666,599169,10,41101,7272,320986,10659,528753,7285,849739,California
Riverside,4/21/2021,18949,1355813,10827,707421,8115,607284,7,41108,7471,317047,11423,540176,7484,857223,California
Riverside,4/22/2021,17938,1373751,10931,718352,7004,614288,3,41111,6324,311816,11562,551738,6331,863554,California
Riverside,4/23/2021,12477,1386228,8160,726512,4307,618595,10,41121,4285,307947,8169,559907,4300,867854,California
Sacramento,12/15/2020,314,314,314,314,0,0,0,0,314,314,0,0,314,314,California
Sacramento,12/16/2020,643,957,643,957,0,0,0,0,643,957,0,0,643,957,California
Sacramento,12/17/2020,645,1602,645,1602,0,0,0,0,645,1602,0,0,645,1602,California
Sacramento,12/18/2020,972,2574,972,2574,0,0,0,0,972,2574,0,0,972,2574,California
Sacramento,12/19/2020,612,3186,612,3186,0,0,0,0,612,3186,0,0,612,3186,California
Sacramento,12/20/2020,633,3819,633,3819,0,0,0,0,633,3819,0,0,633,3819,California
Sacramento,12/21/2020,1679,5498,1678,5497,1,1,0,0,1680,5499,0,0,1680,5499,California
Sacramento,12/22/2020,2092,7590,2062,7559,30,31,0,0,2092,7591,0,0,2092,7591,California
Sacramento,12/23/2020,2247,9837,2080,9639,167,198,0,0,2247,9838,0,0,2247,9838,California
Sacramento,12/24/2020,1044,10881,833,10472,211,409,0,0,1044,10882,0,0,1044,10882,California
Sacramento,12/25/2020,1,10882,0,10472,1,410,0,0,1,10883,0,0,1,10883,California
Sacramento,12/26/2020,508,11390,291,10763,217,627,0,0,508,11391,0,0,508,11391,California
Sacramento,12/27/2020,350,11740,247,11010,103,730,0,0,350,11741,0,0,350,11741,California
Sacramento,12/28/2020,1902,13642,1323,12333,579,1309,0,0,1901,13641,1,1,1901,13642,California
Sacramento,12/29/2020,1951,15593,1189,13522,762,2071,0,0,1951,15592,0,1,1951,15593,California
Sacramento,12/30/2020,2558,18151,1456,14978,1102,3173,0,0,2559,18151,0,1,2559,18152,California
Sacramento,12/31/2020,1229,19380,695,15673,534,3707,0,0,1229,19380,0,1,1229,19381,California
Sacramento,1/1/2021,77,19457,68,15741,9,3716,0,0,77,19457,0,1,77,19458,California
Sacramento,1/2/2021,563,20020,362,16103,201,3917,0,0,563,20020,0,1,563,20021,California
Sacramento,1/3/2021,409,20429,220,16323,189,4106,0,0,409,20429,0,1,409,20430,California
Sacramento,1/4/2021,1958,22387,845,17168,1113,5219,0,0,1956,22384,1,2,1956,22386,California
Sacramento,1/5/2021,2210,24597,986,18154,1224,6443,0,0,1856,23893,354,356,1863,24249,California
Sacramento,1/6/2021,2732,27329,1623,19777,1109,7552,0,0,1958,25080,771,1127,1958,26207,California
Sacramento,1/7/2021,2825,30154,1503,21280,1322,8874,0,0,1966,26190,856,1983,1966,28173,California
Sacramento,1/8/2021,3285,33439,2085,23365,1200,10074,0,0,2248,27406,1033,3016,2249,30422,California
Sacramento,1/9/2021,1287,34726,796,24161,491,10565,0,0,897,27915,388,3404,897,31319,California
Sacramento,1/10/2021,1246,35972,711,24872,535,11100,0,0,774,28219,471,3875,775,32094,California
Sacramento,1/11/2021,4342,40314,2952,27824,1390,12490,0,0,2412,28707,1929,5804,2417,34511,California
Sacramento,1/12/2021,4422,44736,3033,30857,1389,13879,0,0,2456,29202,1965,7769,2460,36971,California
Sacramento,1/13/2021,3780,48516,2167,33024,1613,15492,0,0,2370,30165,1409,9178,2372,39343,California
Sacramento,1/14/2021,4599,53115,2364,35388,2235,17727,0,0,3676,32922,919,10097,3676,43019,California
Sacramento,1/15/2021,4408,57523,2263,37651,2145,19872,0,0,3684,35885,723,10820,3686,46705,California
Sacramento,1/16/2021,2093,59616,1293,38944,800,20672,0,0,1876,37544,217,11037,1876,48581,California
Sacramento,1/17/2021,1637,61253,952,39896,685,21357,0,0,1459,38828,178,11215,1462,50043,California
Sacramento,1/18/2021,2857,64110,1764,41660,1093,22450,0,0,2332,40637,524,11739,2333,52376,California
Sacramento,1/19/2021,4626,68736,3053,44713,1573,24023,0,0,3361,42734,1265,13004,3362,55738,California
Sacramento,1/20/2021,4770,73506,2822,47535,1948,25971,0,0,3554,45075,1218,14222,3559,59297,California
Sacramento,1/21/2021,5184,78690,2987,50522,2197,28168,0,0,4222,48342,956,15178,4223,63520,California
Sacramento,1/22/2021,4970,83660,2647,53169,2323,30491,0,0,4668,52710,301,15479,4669,68189,California
Sacramento,1/23/2021,3726,87386,1559,54728,2167,32658,0,0,3269,55522,457,15936,3269,71458,California
Sacramento,1/24/2021,1583,88969,992,55720,591,33249,0,0,1343,56626,240,16176,1344,72802,California
Sacramento,1/25/2021,4356,93325,2109,57829,2247,35496,0,0,2940,58152,1416,17592,2942,75744,California
Sacramento,1/26/2021,4718,98043,2134,59963,2584,38080,0,0,3516,60470,1200,18792,3518,79262,California
Sacramento,1/27/2021,5799,103842,3049,63012,2750,40830,0,0,4193,63062,1603,20395,4195,83457,California
Sacramento,1/28/2021,5353,109195,2706,65718,2647,43477,0,0,4258,66227,1094,21489,4259,87716,California
Sacramento,1/29/2021,5384,114579,2932,68650,2452,45929,0,0,4369,69589,1007,22496,4369,92085,California
Sacramento,1/30/2021,4506,119085,2203,70853,2303,48232,0,0,4072,73229,432,22928,4072,96157,California
Sacramento,1/31/2021,2294,121379,1999,72852,295,48527,0,0,2019,74977,273,23201,2021,98178,California
Sacramento,2/1/2021,5906,127285,3010,75862,2896,51423,0,0,4248,77571,1654,24855,4248,102426,California
Sacramento,2/2/2021,6922,134207,3758,79620,3164,54587,0,0,4843,80355,2061,26916,4845,107271,California
Sacramento,2/3/2021,7086,141293,3549,83169,3537,58124,0,0,5226,83733,1850,28766,5228,112499,California
Sacramento,2/4/2021,7702,148995,3628,86797,4074,62198,0,0,5490,87021,2202,30968,5490,117989,California
Sacramento,2/5/2021,7715,156710,4366,91163,3349,65547,0,0,4808,88948,2884,33852,4811,122800,California
Sacramento,2/6/2021,8423,165133,3443,94606,4980,70527,0,0,7094,94718,1325,35177,7095,129895,California
Sacramento,2/7/2021,4052,169185,2169,96775,1883,72410,0,0,2833,96342,1211,36388,2835,132730,California
Sacramento,2/8/2021,6191,175376,3198,99973,2993,75403,0,0,3884,97923,2303,38691,3884,136614,California
Sacramento,2/9/2021,6713,182089,3503,103476,3210,78613,0,0,3922,99064,2782,41473,3923,140537,California
Sacramento,2/10/2021,7659,189748,4181,107657,3478,82091,0,0,4539,100498,3107,44580,4541,145078,California
Sacramento,2/11/2021,8783,198531,4988,112645,3795,85886,0,0,4795,101319,3976,48556,4797,149875,California
Sacramento,2/12/2021,10570,209101,4136,116781,6434,92320,0,0,6380,103552,4150,52706,6383,156258,California
Sacramento,2/13/2021,7597,216698,2989,119770,4608,96928,0,0,6018,107993,1577,54283,6018,162276,California
Sacramento,2/14/2021,3117,219815,1930,121700,1187,98115,0,0,2069,109020,1046,55329,2073,164349,California
Sacramento,2/15/2021,5943,225758,2033,123733,3910,102025,0,0,4150,111387,1785,57114,4152,168501,California
Sacramento,2/16/2021,8857,234615,4198,127931,4659,106684,0,0,5267,113076,3583,60697,5272,173773,California
Sacramento,2/17/2021,8802,243417,4966,132897,3836,110520,0,0,5123,114534,3667,64364,5125,178898,California
Sacramento,2/18/2021,8827,252244,5053,137950,3774,114294,0,0,5084,115886,3735,68099,5087,183985,California
Sacramento,2/19/2021,9986,262230,6130,144080,3856,118150,0,0,5906,117730,4067,72166,5911,189896,California
Sacramento,2/20/2021,7335,269565,5356,149436,1979,120129,0,0,4286,118975,3042,75208,4287,194183,California
Sacramento,2/21/2021,2895,272460,2304,151740,591,120720,0,0,1010,118108,1877,77085,1010,195193,California
Sacramento,2/22/2021,6161,278621,3731,155471,2430,123150,0,0,2668,117297,3483,80568,2672,197865,California
Sacramento,2/23/2021,7117,285738,4426,159897,2691,125841,0,0,3462,117122,3640,84208,3465,201330,California
Sacramento,2/24/2021,9590,295328,5281,165178,4309,130150,0,0,5252,118055,4324,88532,5257,206587,California
Sacramento,2/25/2021,9995,305323,5388,170566,4607,134757,0,0,5525,119124,4456,92988,5525,212112,California
Sacramento,2/26/2021,13862,319185,6449,177015,7413,142170,0,0,9539,124375,4292,97280,9543,221655,California
Sacramento,2/27/2021,10778,329963,6702,183717,4073,146243,3,3,7927,129473,2833,100113,7931,229586,California
Sacramento,2/28/2021,5569,335532,2203,185920,3366,149609,0,3,2563,129046,2991,103104,2564,232150,California
Sacramento,3/1/2021,7955,343487,3424,189344,4531,154140,0,3,4277,129667,3658,106762,4279,236429,California
Sacramento,3/2/2021,9201,352688,3996,193340,5204,159344,1,4,5638,131761,3548,110310,5642,242071,California
Sacramento,3/3/2021,10739,363427,4917,198257,5819,165163,3,7,6354,133753,4367,114677,6359,248430,California
Sacramento,3/4/2021,12301,375728,5098,203355,7199,172362,4,11,7084,135661,5187,119864,7095,255525,California
Sacramento,3/5/2021,10509,386237,4867,208222,5612,177974,30,41,6979,139161,3510,123374,7010,262535,California
Sacramento,3/6/2021,8050,394287,3089,211311,4839,182813,122,163,4071,139391,3962,127336,4192,266727,California
Sacramento,3/7/2021,7553,401840,2185,213496,5283,188096,85,248,3705,139335,3844,131180,3788,270515,California
Sacramento,3/8/2021,9065,410905,4223,217719,4618,192714,224,472,5931,142367,3121,134301,6153,276668,California
Sacramento,3/9/2021,9463,420368,4513,222232,4683,197397,267,739,5431,144048,4017,138318,5698,282366,California
Sacramento,3/10/2021,11601,431969,7461,229693,3813,201210,327,1066,6776,146361,4792,143110,7105,289471,California
Sacramento,3/11/2021,13821,445790,8867,238560,4166,205376,788,1854,8198,149762,5584,148694,8985,298456,California
Sacramento,3/12/2021,17204,462994,8289,246849,8084,213460,831,2685,8112,149674,9040,157734,8952,307408,California
Sacramento,3/13/2021,12911,475905,3564,250413,8926,222386,421,3106,8137,153470,4761,162495,8557,315965,California
Sacramento,3/14/2021,8353,484258,3449,253862,4277,226663,627,3733,4472,154710,3858,166353,5098,321063,California
Sacramento,3/15/2021,12116,496374,4805,258667,6670,233333,641,4374,7058,157373,5037,171390,7700,328763,California
Sacramento,3/16/2021,13919,510293,6185,264852,7097,240430,637,5011,8605,161332,5280,176670,9239,338002,California
Sacramento,3/17/2021,13509,523802,6546,271398,6352,246782,611,5622,8700,165868,4780,181450,9316,347318,California
Sacramento,3/18/2021,13968,537770,6574,277972,6833,253615,561,6183,9258,171005,4680,186130,9817,357135,California
Sacramento,3/19/2021,15008,552778,7446,285418,6196,259811,1366,7549,7593,172572,7392,193522,8959,366094,California
Sacramento,3/20/2021,12875,565653,7534,292952,5002,264813,339,7888,8169,176404,4678,198200,8510,374604,California
Sacramento,3/21/2021,5598,571251,2748,295700,2811,267624,39,7927,4953,180765,633,198833,4994,379598,California
Sacramento,3/22/2021,9215,580466,4759,300459,3689,271313,767,8694,6228,184801,2961,201794,6997,386595,California
Sacramento,3/23/2021,11262,591728,6710,307169,3745,275058,807,9501,7284,188951,3941,205735,8091,394686,California
Sacramento,3/24/2021,11785,603513,7238,314407,3916,278974,631,10132,6806,191453,4937,210672,7439,402125,California
Sacramento,3/25/2021,12474,615987,6807,321214,4860,283834,807,10939,7242,194305,5195,215867,8047,410172,California
Sacramento,3/26/2021,17511,633498,8283,329497,8740,292574,488,11427,8576,194495,8876,224743,9066,419238,California
Sacramento,3/27/2021,9557,643055,3543,333040,5729,298303,285,11712,5132,195515,4395,229138,5415,424653,California
Sacramento,3/28/2021,6467,649522,3211,336251,3008,301311,248,11960,3104,195518,3354,232492,3357,428010,California
Sacramento,3/29/2021,10787,660309,5873,342124,4655,305966,259,12219,5153,195325,5608,238100,5415,433425,California
Sacramento,3/30/2021,11648,671957,6042,348166,5255,311221,351,12570,5965,195979,5661,243761,6315,439740,California
Sacramento,3/31/2021,13197,685154,7798,355964,5003,316224,396,12966,5649,194497,7523,251284,6041,445781,California
Sacramento,4/1/2021,15360,700514,8660,364624,6480,322704,220,13186,5752,190896,9580,260864,5979,451760,California
Sacramento,4/2/2021,15919,716433,8660,373284,6552,329256,707,13893,7927,191567,7966,268830,8637,460397,California
Sacramento,4/3/2021,10339,726772,6162,379446,3630,332886,547,14440,6355,194512,3955,272785,6900,467297,California
Sacramento,4/4/2021,3635,730407,1508,380954,1938,334824,189,14629,1423,193913,2208,274993,1609,468906,California
Sacramento,4/5/2021,11962,742369,7509,388463,3624,338448,829,15458,5344,193497,6585,281578,6169,475075,California
Sacramento,4/6/2021,15448,757817,8795,397258,5331,343779,1322,16780,6842,193085,8575,290153,8163,483238,California
Sacramento,4/7/2021,14637,772454,7926,405184,5139,348918,1572,18352,7116,194276,7489,297642,8680,491918,California
Sacramento,4/8/2021,14844,787298,6683,411867,5216,354134,2945,21297,5921,194241,8891,306533,8856,500774,California
Sacramento,4/9/2021,15659,802957,7639,419506,5863,359997,2157,23454,6092,192954,9530,316063,8243,509017,California
Sacramento,4/10/2021,11507,814464,3102,422608,7369,367366,1036,24490,4582,191663,6902,322965,5611,514628,California
Sacramento,4/11/2021,9447,823911,3089,425697,6138,373504,220,24710,2593,187643,6832,329797,2812,517440,California
Sacramento,4/12/2021,12837,836748,4968,430665,6022,379526,1847,26557,4920,186528,7870,337667,6755,524195,California
Sacramento,4/13/2021,14199,850947,7902,438567,6293,385819,4,26561,5585,183534,8587,346254,5593,529788,California
Sacramento,4/14/2021,13957,864904,7118,445685,6837,392656,2,26563,5052,179716,8876,355130,5058,534846,California
Sacramento,4/15/2021,15003,879907,7420,453105,7581,400237,2,26565,6243,177234,8730,363860,6248,541094,California
Sacramento,4/16/2021,15756,895663,8115,461220,7641,407878,0,26565,6996,175511,8721,372581,6998,548092,California
Sacramento,4/17/2021,11221,906884,3746,464966,7475,415353,0,26565,7544,179394,3664,376245,7547,555639,California
Sacramento,4/18/2021,7199,914083,1907,466873,5292,420645,0,26565,3426,179061,3760,380005,3427,559066,California
Sacramento,4/19/2021,10303,924386,5635,472508,4666,425311,2,26567,4630,178039,5656,385661,4634,563700,California
Sacramento,4/20/2021,10954,935340,6640,479148,4311,429622,3,26570,5854,178816,5084,390745,5861,569561,California
Sacramento,4/21/2021,11210,946550,6522,485670,4685,434307,3,26573,6060,179752,5128,395873,6064,575625,California
Sacramento,4/22/2021,9825,956375,5943,491613,3879,438186,3,26576,5166,180285,4638,400511,5171,580796,California
Sacramento,4/23/2021,5665,962040,3633,495246,2032,440218,0,26576,2824,180286,2823,403334,2824,583620,California
San Benito,12/16/2020,2,2,2,2,0,0,0,0,2,2,0,0,2,2,California
San Benito,12/17/2020,8,10,8,10,0,0,0,0,8,10,0,0,8,10,California
San Benito,12/18/2020,32,42,32,42,0,0,0,0,32,42,0,0,32,42,California
San Benito,12/19/2020,47,89,47,89,0,0,0,0,47,89,0,0,47,89,California
San Benito,12/20/2020,22,111,21,110,1,1,0,0,22,111,0,0,22,111,California
San Benito,12/21/2020,48,159,48,158,0,1,0,0,48,159,0,0,48,159,California
San Benito,12/22/2020,65,224,65,223,0,1,0,0,65,224,0,0,65,224,California
San Benito,12/23/2020,48,272,36,259,12,13,0,0,48,272,0,0,48,272,California
San Benito,12/24/2020,12,284,4,263,8,21,0,0,12,284,0,0,12,284,California
San Benito,12/25/2020,4,288,4,267,0,21,0,0,4,288,0,0,4,288,California
San Benito,12/26/2020,13,301,4,271,9,30,0,0,13,301,0,0,13,301,California
San Benito,12/27/2020,8,309,7,278,1,31,0,0,8,309,0,0,8,309,California
San Benito,12/28/2020,63,372,36,314,27,58,0,0,63,372,0,0,63,372,California
San Benito,12/29/2020,49,421,20,334,29,87,0,0,49,421,0,0,49,421,California
San Benito,12/30/2020,59,480,37,371,22,109,0,0,59,480,0,0,59,480,California
San Benito,12/31/2020,19,499,2,373,17,126,0,0,19,499,0,0,19,499,California
San Benito,1/2/2021,24,523,23,396,1,127,0,0,24,523,0,0,24,523,California
San Benito,1/3/2021,3,526,1,397,2,129,0,0,3,526,0,0,3,526,California
San Benito,1/4/2021,62,588,23,420,39,168,0,0,62,588,0,0,62,588,California
San Benito,1/5/2021,118,706,36,456,82,250,0,0,115,700,3,3,115,703,California
San Benito,1/6/2021,97,803,42,498,55,305,0,0,83,769,14,17,83,786,California
San Benito,1/7/2021,80,883,43,541,37,342,0,0,52,793,28,45,52,838,California
San Benito,1/8/2021,129,1012,66,607,63,405,0,0,86,836,43,88,86,924,California
San Benito,1/9/2021,44,1056,31,638,13,418,0,0,30,852,14,102,30,954,California
San Benito,1/10/2021,15,1071,13,651,2,420,0,0,5,847,10,112,5,959,California
San Benito,1/11/2021,102,1173,59,710,43,463,0,0,49,843,53,165,49,1008,California
San Benito,1/12/2021,156,1329,53,763,103,566,0,0,120,927,36,201,120,1128,California
San Benito,1/13/2021,190,1519,35,798,155,721,0,0,163,1063,27,228,163,1291,California
San Benito,1/14/2021,116,1635,23,821,93,814,0,0,99,1145,17,245,99,1390,California
San Benito,1/15/2021,215,1850,21,842,194,1008,0,0,201,1332,14,259,201,1591,California
San Benito,1/16/2021,27,1877,9,851,18,1026,0,0,21,1347,6,265,21,1612,California
San Benito,1/17/2021,11,1888,5,856,6,1032,0,0,8,1352,3,268,8,1620,California
San Benito,1/18/2021,36,1924,23,879,13,1045,0,0,21,1358,15,283,21,1641,California
San Benito,1/19/2021,149,2073,63,942,86,1131,0,0,123,1455,26,309,123,1764,California
San Benito,1/20/2021,261,2334,80,1022,181,1312,0,0,215,1625,45,354,215,1979,California
San Benito,1/21/2021,124,2458,31,1053,93,1405,0,0,100,1701,24,378,100,2079,California
San Benito,1/22/2021,230,2688,19,1072,211,1616,0,0,220,1911,10,388,220,2299,California
San Benito,1/23/2021,30,2718,16,1088,14,1630,0,0,13,1907,17,405,13,2312,California
San Benito,1/24/2021,11,2729,3,1091,8,1638,0,0,7,1910,4,409,7,2319,California
San Benito,1/25/2021,67,2796,25,1116,42,1680,0,0,22,1887,45,454,22,2341,California
San Benito,1/26/2021,134,2930,41,1157,93,1773,0,0,81,1915,53,507,81,2422,California
San Benito,1/27/2021,230,3160,69,1226,161,1934,0,0,190,2065,40,547,190,2612,California
San Benito,1/28/2021,155,3315,32,1258,123,2057,0,0,123,2157,31,578,123,2735,California
San Benito,1/29/2021,284,3599,31,1289,253,2310,0,0,261,2396,22,600,261,2996,California
San Benito,1/30/2021,50,3649,31,1320,19,2329,0,0,28,2402,22,622,28,3024,California
San Benito,1/31/2021,16,3665,5,1325,11,2340,0,0,11,2408,5,627,11,3035,California
San Benito,2/1/2021,133,3798,28,1353,105,2445,0,0,89,2453,44,671,89,3124,California
San Benito,2/2/2021,225,4023,49,1402,176,2621,0,0,135,2498,90,761,135,3259,California
San Benito,2/3/2021,336,4359,42,1444,294,2915,0,0,272,2706,64,825,272,3531,California
San Benito,2/4/2021,161,4520,24,1468,137,3052,0,0,117,2779,44,869,117,3648,California
San Benito,2/5/2021,289,4809,40,1508,249,3301,0,0,227,2944,62,931,227,3875,California
San Benito,2/6/2021,49,4858,9,1517,40,3341,0,0,32,2959,17,948,32,3907,California
San Benito,2/7/2021,15,4873,7,1524,8,3349,0,0,14,2972,1,949,14,3921,California
San Benito,2/8/2021,137,5010,15,1539,122,3471,0,0,91,3017,46,995,91,4012,California
San Benito,2/9/2021,326,5336,64,1603,262,3733,0,0,195,3081,131,1126,195,4207,California
San Benito,2/10/2021,318,5654,88,1691,230,3963,0,0,124,3011,194,1320,124,4331,California
San Benito,2/11/2021,295,5949,31,1722,264,4227,0,0,197,3110,98,1418,197,4528,California
San Benito,2/12/2021,412,6361,30,1752,382,4609,0,0,207,3113,204,1622,207,4735,California
San Benito,2/13/2021,57,6418,8,1760,49,4658,0,0,43,3142,14,1636,43,4778,California
San Benito,2/14/2021,40,6458,5,1765,35,4693,0,0,30,3162,10,1646,30,4808,California
San Benito,2/15/2021,106,6564,9,1774,97,4790,0,0,95,3246,11,1657,95,4903,California
San Benito,2/16/2021,204,6768,11,1785,193,4983,0,0,101,3244,103,1760,101,5004,California
San Benito,2/17/2021,327,7095,30,1815,297,5280,0,0,278,3473,49,1809,278,5282,California
San Benito,2/18/2021,291,7386,38,1853,253,5533,0,0,70,3322,221,2030,70,5352,California
San Benito,2/19/2021,323,7709,45,1898,278,5811,0,0,158,3315,165,2195,158,5510,California
San Benito,2/20/2021,45,7754,26,1924,19,5830,0,0,36,3342,9,2204,36,5546,California
San Benito,2/21/2021,23,7777,8,1932,15,5845,0,0,14,3347,9,2213,14,5560,California
San Benito,2/22/2021,132,7909,36,1968,96,5941,0,0,98,3412,33,2246,98,5658,California
San Benito,2/23/2021,374,8283,92,2060,282,6223,0,0,262,3562,112,2358,262,5920,California
San Benito,2/24/2021,375,8658,63,2123,312,6535,0,0,236,3659,139,2497,236,6156,California
San Benito,2/25/2021,390,9048,63,2186,327,6862,0,0,270,3807,122,2619,270,6426,California
San Benito,2/26/2021,641,9689,73,2259,568,7430,0,0,398,3962,243,2862,398,6824,California
San Benito,2/27/2021,98,9787,36,2295,62,7492,0,0,83,4030,15,2877,83,6907,California
San Benito,2/28/2021,248,10035,24,2319,224,7716,0,0,239,4260,9,2886,239,7146,California
San Benito,3/1/2021,224,10259,59,2378,165,7881,0,0,155,4345,70,2956,155,7301,California
San Benito,3/2/2021,274,10533,90,2468,184,8065,0,0,205,4481,69,3025,205,7506,California
San Benito,3/3/2021,387,10920,55,2523,332,8397,0,0,213,4522,172,3197,213,7719,California
San Benito,3/4/2021,608,11528,123,2646,470,8867,15,15,429,4776,179,3376,433,8152,California
San Benito,3/5/2021,582,12110,305,2951,264,9131,13,28,373,4954,208,3584,386,8538,California
San Benito,3/6/2021,189,12299,66,3017,109,9240,14,42,138,5055,51,3635,152,8690,California
San Benito,3/7/2021,647,12946,603,3620,22,9262,22,64,615,5660,32,3667,637,9327,California
San Benito,3/8/2021,288,13234,65,3685,177,9439,46,110,167,5752,121,3788,213,9540,California
San Benito,3/9/2021,422,13656,84,3769,239,9678,99,209,136,5675,285,4073,208,9748,California
San Benito,3/10/2021,400,14056,114,3883,193,9871,93,302,232,5832,168,4241,325,10073,California
San Benito,3/11/2021,467,14523,119,4002,196,10067,152,454,207,5931,260,4501,359,10432,California
San Benito,3/12/2021,511,15034,117,4119,300,10367,94,548,229,5975,280,4781,324,10756,California
San Benito,3/13/2021,201,15235,102,4221,81,10448,18,566,128,6050,71,4852,146,10902,California
San Benito,3/14/2021,232,15467,40,4261,172,10620,20,586,180,6199,51,4903,200,11102,California
San Benito,3/15/2021,323,15790,99,4360,205,10825,19,605,189,6273,134,5037,208,11310,California
San Benito,3/16/2021,494,16284,217,4577,246,11071,31,636,347,6503,147,5184,377,11687,California
San Benito,3/17/2021,785,17069,475,5052,288,11359,22,658,558,6852,223,5407,572,12259,California
San Benito,3/18/2021,786,17855,523,5575,207,11566,56,714,571,7257,213,5620,618,12877,California
San Benito,3/19/2021,778,18633,404,5979,351,11917,23,737,595,7692,183,5803,618,13495,California
San Benito,3/20/2021,234,18867,145,6124,77,11994,12,749,178,7826,56,5859,190,13685,California
San Benito,3/21/2021,108,18975,56,6180,47,12041,5,754,81,7885,27,5886,86,13771,California
San Benito,3/22/2021,343,19318,170,6350,148,12189,25,779,221,8009,122,6008,246,14017,California
San Benito,3/23/2021,475,19793,197,6547,268,12457,10,789,215,7973,260,6268,224,14241,California
San Benito,3/24/2021,573,20366,304,6851,262,12719,7,796,360,8128,212,6480,367,14608,California
San Benito,3/25/2021,741,21107,440,7291,297,13016,4,800,445,8283,294,6774,449,15057,California
San Benito,3/26/2021,995,22102,517,7808,475,13491,3,803,328,7948,666,7440,331,15388,California
San Benito,3/27/2021,329,22431,182,7990,114,13605,33,836,212,8077,116,7556,245,15633,California
San Benito,3/28/2021,691,23122,570,8560,116,13721,5,841,126,7643,565,8121,131,15764,California
San Benito,3/29/2021,349,23471,113,8673,216,13937,20,861,154,7621,195,8316,173,15937,California
San Benito,3/30/2021,570,24041,267,8940,209,14146,94,955,287,7719,283,8599,381,16318,California
San Benito,3/31/2021,577,24618,354,9294,199,14345,24,979,330,7828,245,8844,354,16672,California
San Benito,4/1/2021,930,25548,374,9668,518,14863,38,1017,554,8039,375,9219,586,17258,California
San Benito,4/2/2021,536,26084,261,9929,140,15003,135,1152,264,8166,272,9491,399,17657,California
San Benito,4/3/2021,249,26333,86,10015,104,15107,59,1211,75,8126,174,9665,134,17791,California
San Benito,4/4/2021,143,26476,108,10123,30,15137,5,1216,106,8200,37,9702,111,17902,California
San Benito,4/5/2021,351,26827,171,10294,138,15275,42,1258,143,8176,208,9910,184,18086,California
San Benito,4/6/2021,454,27281,158,10452,121,15396,175,1433,159,8215,295,10205,334,18420,California
San Benito,4/7/2021,922,28203,520,10972,212,15608,190,1623,253,7990,668,10873,443,18863,California
San Benito,4/8/2021,846,29049,423,11395,171,15779,252,1875,214,7825,631,11504,466,19329,California
San Benito,4/9/2021,856,29905,515,11910,250,16029,91,1966,307,7674,549,12053,398,19727,California
San Benito,4/10/2021,343,30248,214,12124,71,16100,58,2024,197,7783,146,12199,255,19982,California
San Benito,4/11/2021,503,30751,303,12427,167,16267,33,2057,277,7866,226,12425,309,20291,California
San Benito,4/12/2021,552,31303,312,12739,129,16396,111,2168,302,8027,249,12674,410,20701,California
San Benito,4/13/2021,781,32084,323,13062,435,16831,23,2191,553,8377,227,12901,577,21278,California
San Benito,4/14/2021,860,32944,683,13745,177,17008,0,2191,426,8374,429,13330,426,21704,California
San Benito,4/15/2021,917,33861,717,14462,199,17207,1,2192,452,8363,464,13794,453,22157,California
San Benito,4/16/2021,693,34554,362,14824,322,17529,9,2201,290,8262,400,14194,299,22456,California
San Benito,4/17/2021,304,34858,225,15049,79,17608,0,2201,123,8204,181,14375,123,22579,California
San Benito,4/18/2021,490,35348,409,15458,81,17689,0,2201,239,8193,251,14626,240,22819,California
San Benito,4/19/2021,716,36064,575,16033,141,17830,0,2201,408,8295,307,14933,409,23228,California
San Benito,4/20/2021,730,36794,384,16417,345,18175,1,2202,466,8502,259,15192,466,23694,California
San Benito,4/21/2021,854,37648,661,17078,193,18368,0,2202,433,8528,407,15599,433,24127,California
San Benito,4/22/2021,697,38345,568,17646,129,18497,0,2202,457,8753,232,15831,457,24584,California
San Benito,4/23/2021,163,38508,63,17709,100,18597,0,2202,115,8820,48,15879,115,24699,California
San Bernardino,12/15/2020,13,13,13,13,0,0,0,0,13,13,0,0,13,13,California
San Bernardino,12/16/2020,107,120,107,120,0,0,0,0,107,120,0,0,107,120,California
San Bernardino,12/17/2020,2349,2469,2349,2469,0,0,0,0,2349,2469,0,0,2349,2469,California
San Bernardino,12/18/2020,3141,5610,3138,5607,3,3,0,0,3142,5611,0,0,3142,5611,California
San Bernardino,12/19/2020,1068,6678,1067,6674,1,4,0,0,1069,6680,0,0,1069,6680,California
San Bernardino,12/20/2020,1174,7852,1172,7846,2,6,0,0,1174,7854,0,0,1174,7854,California
San Bernardino,12/21/2020,2452,10304,2447,10293,5,11,0,0,2452,10306,0,0,2452,10306,California
San Bernardino,12/22/2020,2266,12570,2140,12433,126,137,0,0,2267,12573,0,0,2267,12573,California
San Bernardino,12/23/2020,2646,15216,1454,13887,1192,1329,0,0,2645,15218,0,0,2645,15218,California
San Bernardino,12/24/2020,1160,16376,585,14472,575,1904,0,0,1162,16380,0,0,1162,16380,California
San Bernardino,12/25/2020,74,16450,14,14486,60,1964,0,0,74,16454,0,0,74,16454,California
San Bernardino,12/26/2020,462,16912,254,14740,208,2172,0,0,462,16916,0,0,462,16916,California
San Bernardino,12/27/2020,343,17255,160,14900,183,2355,0,0,343,17259,0,0,343,17259,California
San Bernardino,12/28/2020,1564,18819,711,15611,853,3208,0,0,1565,18824,0,0,1565,18824,California
San Bernardino,12/29/2020,2209,21028,1041,16652,1168,4376,0,0,2209,21033,0,0,2209,21033,California
San Bernardino,12/30/2020,2891,23919,1459,18111,1432,5808,0,0,2892,23925,0,0,2892,23925,California
San Bernardino,12/31/2020,1358,25277,440,18551,918,6726,0,0,1356,25281,0,0,1356,25281,California
San Bernardino,1/1/2021,280,25557,150,18701,130,6856,0,0,279,25560,0,0,279,25560,California
San Bernardino,1/2/2021,474,26031,338,19039,136,6992,0,0,474,26034,0,0,474,26034,California
San Bernardino,1/3/2021,134,26165,85,19124,49,7041,0,0,134,26168,0,0,134,26168,California
San Bernardino,1/4/2021,2119,28284,1286,20410,833,7874,0,0,2118,28286,0,0,2118,28286,California
San Bernardino,1/5/2021,2329,30613,1458,21868,871,8745,0,0,2219,30396,109,109,2219,30505,California
San Bernardino,1/6/2021,3427,34040,2353,24221,1074,9819,0,0,2934,32844,487,596,2935,33440,California
San Bernardino,1/7/2021,5408,39448,4499,28720,909,10728,0,0,2478,32411,2911,3507,2478,35918,California
San Bernardino,1/8/2021,5359,44807,4440,33160,919,11647,0,0,2286,31629,3069,6576,2287,38205,California
San Bernardino,1/9/2021,1400,46207,1101,34261,299,11946,0,0,904,32037,496,7072,904,39109,California
San Bernardino,1/10/2021,1018,47225,597,34858,421,12367,0,0,571,32161,447,7519,571,39680,California
San Bernardino,1/11/2021,4979,52204,4075,38933,904,13271,0,0,2766,32717,2210,9729,2766,42446,California
San Bernardino,1/12/2021,4227,56431,3218,42151,1009,14280,0,0,2514,33519,1712,11441,2514,44960,California
San Bernardino,1/13/2021,4551,60982,2848,44999,1703,15983,0,0,3327,35636,1211,12652,3328,48288,California
San Bernardino,1/14/2021,4742,65724,2773,47772,1969,17952,0,0,4159,39216,579,13231,4159,52447,California
San Bernardino,1/15/2021,5976,71700,2973,50745,3003,20955,0,0,5581,44415,385,13616,5584,58031,California
San Bernardino,1/16/2021,2257,73957,1292,52037,965,21920,0,0,2116,46390,141,13757,2116,60147,California
San Bernardino,1/17/2021,1189,75146,515,52552,674,22594,0,0,1099,47402,89,13846,1101,61248,California
San Bernardino,1/18/2021,4267,79413,2638,55190,1629,24223,0,0,3648,50435,618,14464,3651,64899,California
San Bernardino,1/19/2021,6298,85711,3705,58895,2593,26816,0,0,5208,54557,1088,15552,5210,70109,California
San Bernardino,1/20/2021,6799,92510,3731,62626,3068,29884,0,0,4871,57510,1920,17472,4873,74982,California
San Bernardino,1/21/2021,5978,98488,3072,65698,2906,32790,0,0,4863,61269,1106,18578,4865,79847,California
San Bernardino,1/22/2021,6500,104988,3035,68733,3465,36255,0,0,5779,66330,719,19297,5780,85627,California
San Bernardino,1/23/2021,3103,108091,1889,70622,1214,37469,0,0,2716,68660,386,19683,2716,88343,California
San Bernardino,1/24/2021,1194,109285,461,71083,733,38202,0,0,1094,69654,100,19783,1094,89437,California
San Bernardino,1/25/2021,6862,116147,3396,74479,3466,41668,0,0,5017,72831,1843,21626,5020,94457,California
San Bernardino,1/26/2021,7105,123252,3568,78047,3537,45205,0,0,5011,75748,2094,23720,5011,99468,California
San Bernardino,1/27/2021,8396,131648,4149,82196,4247,49452,0,0,5692,78744,2696,26416,5692,105160,California
San Bernardino,1/28/2021,8568,140216,4066,86262,4502,53954,0,0,6250,82681,2313,28729,6250,111410,California
San Bernardino,1/29/2021,8174,148390,3765,90027,4409,58363,0,0,6209,86952,1952,30681,6223,117633,California
San Bernardino,1/30/2021,3086,151476,1897,91924,1189,59552,0,0,2801,89469,284,30965,2801,120434,California
San Bernardino,1/31/2021,922,152398,492,92416,430,59982,0,0,869,90286,52,31017,869,121303,California
San Bernardino,2/1/2021,7533,159931,4229,96645,3304,63286,0,0,4916,92588,2614,33631,4916,126219,California
San Bernardino,2/2/2021,10396,170327,3654,100299,6742,70028,0,0,8347,98891,2045,35676,8348,134567,California
San Bernardino,2/3/2021,8971,179298,4144,104443,4827,74855,0,0,6485,102899,2478,38154,6486,141053,California
San Bernardino,2/4/2021,10506,189804,5195,109638,5311,80166,0,0,7440,107284,3055,41209,7440,148493,California
San Bernardino,2/5/2021,10973,200777,5909,115547,5064,85230,0,0,7454,111231,3508,44717,7455,155948,California
San Bernardino,2/6/2021,5250,206027,2206,117753,3044,88274,0,0,3615,113239,1610,46327,3618,159566,California
San Bernardino,2/7/2021,844,206871,491,118244,353,88627,0,0,467,113333,374,46701,468,160034,California
San Bernardino,2/8/2021,7273,214144,3878,122122,3395,92022,0,0,5607,117278,1662,48363,5607,165641,California
San Bernardino,2/9/2021,9908,224052,5821,127943,4087,96109,0,0,6682,120739,3224,51587,6685,172326,California
San Bernardino,2/10/2021,12005,236057,6531,134474,5474,101583,0,0,7843,124432,4151,55738,7844,180170,California
San Bernardino,2/11/2021,12322,248379,7105,141579,5217,106800,0,0,7884,127903,4416,60154,7887,188057,California
San Bernardino,2/12/2021,10344,258723,5928,147507,4416,111216,0,0,5691,128955,4639,64793,5691,193748,California
San Bernardino,2/13/2021,6012,264735,3996,151503,2016,113232,0,0,3775,130514,2221,67014,3780,197528,California
San Bernardino,2/14/2021,1549,266284,649,152152,900,114132,0,0,872,130717,669,67683,872,198400,California
San Bernardino,2/15/2021,5455,271739,2996,155148,2459,116591,0,0,3053,131382,2388,70071,3053,201453,California
San Bernardino,2/16/2021,12591,284330,7373,162521,5218,121809,0,0,7967,134739,4611,74682,7968,209421,California
San Bernardino,2/17/2021,11783,296113,6454,168975,5329,127138,0,0,7140,137254,4627,79309,7142,216563,California
San Bernardino,2/18/2021,12448,308561,7584,176559,4864,132002,0,0,7709,140240,4724,84033,7710,224273,California
San Bernardino,2/19/2021,11465,320026,5904,182463,5561,137563,0,0,6782,142358,4664,88697,6782,231055,California
San Bernardino,2/20/2021,4493,324519,3450,185913,1043,138606,0,0,2040,141948,2451,91148,2041,233096,California
San Bernardino,2/21/2021,1020,325539,563,186476,457,139063,0,0,323,141575,696,91844,323,233419,California
San Bernardino,2/22/2021,8614,334153,5319,191795,3295,142358,0,0,4027,141027,4576,96420,4028,237447,California
San Bernardino,2/23/2021,9066,343219,5402,197197,3664,146022,0,0,4555,141103,4479,100899,4555,242002,California
San Bernardino,2/24/2021,12330,355549,7134,204331,5196,151218,0,0,6075,140948,6231,107130,6076,248078,California
San Bernardino,2/25/2021,12981,368530,6261,210592,6720,157938,0,0,7552,143090,5413,112543,7555,255633,California
San Bernardino,2/26/2021,13546,382076,6373,216965,7173,165111,0,0,7542,144691,5943,118486,7544,263177,California
San Bernardino,2/27/2021,6605,388681,3672,220637,2932,168043,1,1,4785,147666,1811,120297,4786,267963,California
San Bernardino,2/28/2021,1734,390415,710,221347,1024,169067,0,1,1121,148179,608,120905,1121,269084,California
San Bernardino,3/1/2021,8373,398788,4314,225661,4057,173124,2,3,3815,147466,4537,125442,3824,272908,California
San Bernardino,3/2/2021,13632,412420,5353,231014,8279,181403,0,3,6426,146716,7179,132621,6429,279337,California
San Bernardino,3/3/2021,12523,424943,6358,237372,6163,187566,2,5,5751,145720,6754,139375,5758,285095,California
San Bernardino,3/4/2021,13536,438479,6856,244228,6680,194246,0,5,5876,143960,7640,147015,5880,290975,California
San Bernardino,3/5/2021,14119,452598,7300,251528,6818,201064,1,6,6832,143553,7258,154273,6851,297826,California
San Bernardino,3/6/2021,9551,462149,5306,256834,4030,205094,215,221,4441,143112,5096,159369,4655,302481,California
San Bernardino,3/7/2021,1568,463717,926,257760,587,205681,55,276,998,143597,568,159937,1053,303534,California
San Bernardino,3/8/2021,7959,471676,3489,261249,4310,209991,160,436,3502,142811,4451,164388,3665,307199,California
San Bernardino,3/9/2021,12579,484255,7017,268266,5317,215308,245,681,4846,140183,7720,172108,5092,312291,California
San Bernardino,3/10/2021,13967,498222,7672,275938,5773,221081,522,1203,6183,139136,7757,179865,6710,319001,California
San Bernardino,3/11/2021,15145,513367,7107,283045,6531,227612,1507,2710,7246,140007,7879,187744,8750,327751,California
San Bernardino,3/12/2021,15212,528579,6784,289829,6414,234026,2014,4724,7269,141422,7915,195659,9330,337081,California
San Bernardino,3/13/2021,8265,536844,4494,294323,3270,237296,501,5225,4903,143476,3352,199011,5406,342487,California
San Bernardino,3/14/2021,3209,540053,1606,295929,1035,238331,568,5793,1838,144511,1365,200376,2400,344887,California
San Bernardino,3/15/2021,11266,551319,5311,301240,3956,242287,1999,7792,5527,146303,5731,206107,7523,352410,California
San Bernardino,3/16/2021,15995,567314,7904,309144,7148,249435,943,8735,9755,150780,6218,212325,10695,363105,California
San Bernardino,3/17/2021,16924,584238,8462,317606,7714,257149,748,9483,10136,154893,6772,219097,10885,373990,California
San Bernardino,3/18/2021,16262,600500,8064,325670,7814,264963,384,9867,9552,158147,6683,225780,9937,383927,California
San Bernardino,3/19/2021,16752,617252,8293,333963,7872,272835,587,10454,9584,161228,7143,232923,10224,394151,California
San Bernardino,3/20/2021,9382,626634,5906,339869,2894,275729,582,11036,5576,163602,3781,236704,6155,400306,California
San Bernardino,3/21/2021,2745,629379,2236,342105,462,276191,47,11083,2224,165364,509,237213,2271,402577,California
San Bernardino,3/22/2021,9540,638919,4483,346588,4624,280815,433,11516,6927,170127,2598,239811,7361,409938,California
San Bernardino,3/23/2021,15381,654300,8738,355326,6022,286837,621,12137,9629,174642,5734,245545,10249,420187,California
San Bernardino,3/24/2021,14923,669223,7755,363081,6870,293707,298,12435,9951,179954,4938,250483,10250,430437,California
San Bernardino,3/25/2021,16785,686008,8276,371357,8216,301923,293,12728,10663,184828,6078,256561,10952,441389,California
San Bernardino,3/26/2021,17843,703851,8578,379935,8498,310421,767,13495,10840,189461,6974,263535,11607,452996,California
San Bernardino,3/27/2021,10687,714538,6889,386824,3051,313472,747,14242,6135,191806,4537,268072,6882,459878,California
San Bernardino,3/28/2021,3517,718055,2469,389293,936,314408,112,14354,2482,193371,1028,269100,2593,462471,California
San Bernardino,3/29/2021,11573,729628,6069,395362,5106,319514,398,14752,7893,197995,3667,272767,8291,470762,California
San Bernardino,3/30/2021,16747,746375,9398,404760,6640,326154,709,15461,10777,203539,5937,278704,11481,482243,California
San Bernardino,3/31/2021,16145,762520,9137,413897,6401,332555,607,16068,10882,209786,5239,283943,11486,493729,California
San Bernardino,4/1/2021,19388,781908,10255,424152,7781,340336,1352,17420,12557,216889,6802,290745,13905,507634,California
San Bernardino,4/2/2021,18403,800311,9221,433373,7914,348250,1268,18688,11128,222076,7249,297994,12436,520070,California
San Bernardino,4/3/2021,10892,811203,6810,440183,2960,351210,1122,19810,5967,224249,4913,302907,7086,527156,California
San Bernardino,4/4/2021,2445,813648,1483,441666,716,351926,246,20056,1256,224562,1187,304094,1500,528656,California
San Bernardino,4/5/2021,11647,825295,5242,446908,4681,356607,1724,21780,5988,226632,5639,309733,7709,536365,California
San Bernardino,4/6/2021,19555,844850,10990,457898,6477,363084,2088,23868,10388,229974,9133,318866,12475,548840,California
San Bernardino,4/7/2021,20756,865606,11108,469006,7201,370285,2447,26315,11377,234437,9351,328217,13814,562654,California
San Bernardino,4/8/2021,21550,887156,11046,480052,7920,378205,2584,28899,11940,239375,9581,337798,14519,577173,California
San Bernardino,4/9/2021,21421,908577,10874,490926,8021,386226,2526,31425,11680,243868,9708,347506,14201,591374,California
San Bernardino,4/10/2021,15421,923998,7955,498881,3791,390017,3675,35100,7671,247477,7729,355235,11338,602712,California
San Bernardino,4/11/2021,4301,928299,2529,501410,881,390898,891,35991,1998,248067,2298,357533,2888,605600,California
San Bernardino,4/12/2021,13213,941512,6148,507558,5458,396356,1607,37598,6262,249003,6931,364464,7867,613467,California
San Bernardino,4/13/2021,19024,960536,10910,518468,8096,404452,18,37616,10869,251759,8131,372595,10887,624354,California
San Bernardino,4/14/2021,18740,979276,10233,528701,8504,412956,3,37619,10710,254473,8000,380595,10714,635068,California
San Bernardino,4/15/2021,19735,999011,11141,539842,8591,421547,3,37622,10507,255794,9192,389787,10513,645581,California
San Bernardino,4/16/2021,18232,1017243,10429,550271,7801,429348,2,37624,9004,255609,9190,398977,9005,654586,California
San Bernardino,4/17/2021,11722,1028965,7719,557990,4003,433351,0,37624,6144,256204,5549,404526,6144,660730,California
San Bernardino,4/18/2021,2747,1031712,1844,559834,903,434254,0,37624,1252,255972,1484,406010,1252,661982,California
San Bernardino,4/19/2021,12186,1043898,6478,566312,5708,439962,0,37624,4661,253130,7507,413517,4665,666647,California
San Bernardino,4/20/2021,17127,1061025,9583,575895,7541,447503,3,37627,7800,251628,9306,422823,7804,674451,California
San Bernardino,4/21/2021,17355,1078380,10157,586052,7197,454700,1,37628,7619,249566,9682,432505,7620,682071,California
San Bernardino,4/22/2021,15051,1093431,9255,595307,5796,460496,0,37628,6322,247211,8679,441184,6324,688395,California
San Bernardino,4/23/2021,9407,1102838,6425,601732,2980,463476,2,37630,4093,246009,5299,446483,4097,692492,California
San Diego,12/15/2020,119,119,119,119,0,0,0,0,119,119,0,0,119,119,California
San Diego,12/16/2020,1102,1221,1102,1221,0,0,0,0,1102,1221,0,0,1102,1221,California
San Diego,12/17/2020,2349,3570,2349,3570,0,0,0,0,2349,3570,0,0,2349,3570,California
San Diego,12/18/2020,3670,7240,3669,7239,1,1,0,0,3670,7240,0,0,3670,7240,California
San Diego,12/19/2020,2309,9549,2309,9548,0,1,0,0,2309,9549,0,0,2309,9549,California
San Diego,12/20/2020,1183,10732,1182,10730,1,2,0,0,1183,10732,0,0,1183,10732,California
San Diego,12/21/2020,3521,14253,3520,14250,1,3,0,0,3521,14253,0,0,3521,14253,California
San Diego,12/22/2020,4055,18308,3412,17662,643,646,0,0,4055,18308,0,0,4055,18308,California
San Diego,12/23/2020,3178,21486,1976,19638,1202,1848,0,0,3178,21486,0,0,3178,21486,California
San Diego,12/24/2020,2735,24221,2219,21857,516,2364,0,0,2735,24221,0,0,2735,24221,California
San Diego,12/25/2020,874,25095,873,22730,1,2365,0,0,874,25095,0,0,874,25095,California
San Diego,12/26/2020,3294,28389,2143,24873,1151,3516,0,0,3294,28389,0,0,3294,28389,California
San Diego,12/27/2020,2508,30897,1617,26490,891,4407,0,0,2507,30895,1,1,2507,30896,California
San Diego,12/28/2020,5901,36798,4213,30703,1688,6095,0,0,5901,36796,0,1,5901,36797,California
San Diego,12/29/2020,5589,42387,3014,33717,2575,8670,0,0,5589,42385,0,1,5589,42386,California
San Diego,12/30/2020,5943,48330,3100,36817,2843,11513,0,0,5943,48328,0,1,5943,48329,California
San Diego,12/31/2020,2984,51314,1004,37821,1980,13493,0,0,2984,51312,0,1,2984,51313,California
San Diego,1/1/2021,1006,52320,452,38273,554,14047,0,0,1005,52317,0,1,1005,52318,California
San Diego,1/2/2021,3762,56082,1321,39594,2441,16488,0,0,3762,56079,0,1,3762,56080,California
San Diego,1/3/2021,859,56941,632,40226,227,16715,0,0,858,56937,0,1,858,56938,California
San Diego,1/4/2021,3703,60644,2052,42278,1651,18366,0,0,3696,60633,0,1,3696,60634,California
San Diego,1/5/2021,4310,64954,2122,44400,2188,20554,0,0,3693,63725,613,614,3705,64339,California
San Diego,1/6/2021,4947,69901,2299,46699,2648,23202,0,0,3712,66229,1212,1826,3716,68055,California
San Diego,1/7/2021,5608,75509,2981,49680,2627,25829,0,0,3452,67538,2149,3975,3458,71513,California
San Diego,1/8/2021,7721,83230,4958,54638,2763,28592,0,0,3935,67720,3769,7744,3951,75464,California
San Diego,1/9/2021,2956,86186,1554,56192,1402,29994,0,0,1788,68358,1158,8902,1796,77260,California
San Diego,1/10/2021,1881,88067,1292,57484,589,30583,0,0,779,68056,1090,9992,788,78048,California
San Diego,1/11/2021,10326,98393,5858,63342,4468,35051,0,0,6802,71355,3517,13509,6816,84864,California
San Diego,1/12/2021,11204,109597,5316,68658,5888,40939,0,0,7831,75935,3364,16873,7944,92808,California
San Diego,1/13/2021,11478,121075,5025,73683,6453,47392,0,0,8933,82359,2532,19405,8956,101764,California
San Diego,1/14/2021,12366,133441,4752,78435,7614,55006,0,0,10199,90434,2158,21563,10233,111997,California
San Diego,1/15/2021,15124,148565,5354,83789,9770,64776,0,0,12480,100341,2625,24188,12532,124529,California
San Diego,1/16/2021,10767,159332,3594,87383,7173,71949,0,0,9320,108251,1442,25630,9352,133881,California
San Diego,1/17/2021,8682,168014,2499,89882,6183,78132,0,0,7844,115275,838,26468,7862,141743,California
San Diego,1/18/2021,12499,180513,5941,95823,6558,84690,0,0,9669,122207,2791,29259,9723,151466,California
San Diego,1/19/2021,14751,195264,5823,101646,8928,93618,0,0,11625,130978,3112,32371,11883,163349,California
San Diego,1/20/2021,18322,213586,6383,108029,11939,105557,0,0,15032,142910,3271,35642,15203,178552,California
San Diego,1/21/2021,17403,230989,5898,113927,11505,117062,0,0,16011,157688,1381,37023,16159,194711,California
San Diego,1/22/2021,17677,248666,4753,118680,12924,129986,0,0,15623,171367,2041,39064,15720,210431,California
San Diego,1/23/2021,14478,263144,5271,123951,9207,139193,0,0,12117,181191,2348,41412,12172,222603,California
San Diego,1/24/2021,11916,275060,3360,127311,8556,147749,0,0,10940,191192,974,42386,10975,233578,California
San Diego,1/25/2021,12222,287282,5750,133061,6472,154221,0,0,9210,197548,3005,45391,9361,242939,California
San Diego,1/26/2021,14944,302226,7646,140707,7298,161519,0,0,11669,206134,3270,48661,11856,254795,California
San Diego,1/27/2021,20762,322988,8128,148835,12634,174153,0,0,17672,220870,3076,51737,17812,272607,California
San Diego,1/28/2021,21303,344291,7646,156481,13657,187810,0,0,19041,237738,2252,53989,19120,291727,California
San Diego,1/29/2021,19703,363994,6459,162940,13244,201054,0,0,17278,252647,2415,56404,17324,309051,California
San Diego,1/30/2021,15899,379893,3667,166607,12232,213286,0,0,13219,263295,2670,59074,13318,322369,California
San Diego,1/31/2021,14792,394685,5753,172360,9039,222325,0,0,14432,277400,356,59430,14461,336830,California
San Diego,2/1/2021,20520,415205,7232,179592,13288,235613,0,0,17330,291631,3176,62606,17407,354237,California
San Diego,2/2/2021,23198,438403,8689,188281,14509,250122,0,0,19668,307946,3520,66126,19835,374072,California
San Diego,2/3/2021,27451,465854,11562,199843,15889,266011,0,0,23276,327245,4157,70283,23456,397528,California
San Diego,2/4/2021,24379,490233,10029,209872,14350,280361,0,0,19677,342519,4685,74968,19959,417487,California
San Diego,2/5/2021,25023,515256,8986,218858,16037,296398,0,0,18479,354967,6521,81489,18969,436456,California
San Diego,2/6/2021,20792,536048,8569,227427,12223,308621,0,0,17596,369597,3190,84679,17820,454276,California
San Diego,2/7/2021,12129,548177,5375,232802,6754,315375,0,0,10263,378267,1846,86525,10516,464792,California
San Diego,2/8/2021,20103,568280,8519,241321,11584,326959,0,0,12688,384244,7399,93924,13376,478168,California
San Diego,2/9/2021,20395,588675,8238,249559,12157,339116,0,0,13196,391329,7179,101103,14264,492432,California
San Diego,2/10/2021,22984,611659,9359,258918,13625,352741,0,0,13885,397514,9055,110158,15240,507672,California
San Diego,2/11/2021,23779,635438,10141,269059,13638,366379,0,0,12736,400907,11016,121174,14409,522081,California
San Diego,2/12/2021,23843,659281,7459,276518,16384,382763,0,0,11920,403176,11905,133079,14174,536255,California
San Diego,2/13/2021,20021,679302,9014,285532,11007,393770,0,0,10896,406150,9117,142196,12091,548346,California
San Diego,2/14/2021,11187,690489,7431,292963,3756,397526,0,0,6335,409289,4848,147044,7987,556333,California
San Diego,2/15/2021,15190,705679,7682,300645,7508,405034,0,0,7847,412949,7324,154368,10984,567317,California
San Diego,2/16/2021,19281,724960,11251,311896,8030,413064,0,0,9233,415494,10037,164405,12582,579899,California
San Diego,2/17/2021,23396,748356,10983,322879,12413,425477,0,0,8145,411968,15239,179644,11713,591612,California
San Diego,2/18/2021,23573,771929,12021,334900,11552,437029,0,0,7790,408602,15775,195419,12409,604021,California
San Diego,2/19/2021,15909,787838,10921,345821,4988,442017,0,0,6634,408080,9255,204674,8733,612754,California
San Diego,2/20/2021,10259,798097,6361,352182,3898,445915,0,0,5818,411701,4437,209111,8058,620812,California
San Diego,2/21/2021,11527,809624,10116,362298,1411,447326,0,0,5201,412898,6299,215410,7496,628308,California
San Diego,2/22/2021,12445,822069,10584,372882,1861,449187,0,0,5804,414522,6634,222044,8258,636566,California
San Diego,2/23/2021,25901,847970,14524,387406,11377,460564,0,0,9668,414884,16228,238272,16590,653156,California
San Diego,2/24/2021,28952,876922,12762,400168,16190,476754,0,0,6869,408247,22065,260337,15428,668584,California
San Diego,2/25/2021,33187,910109,14711,414879,18476,495230,0,0,10171,404793,22998,283335,19544,688128,California
San Diego,2/26/2021,33457,943566,12393,427272,21064,516294,0,0,12147,402837,21283,304618,19327,707455,California
San Diego,2/27/2021,21241,964807,9676,436948,11565,527859,0,0,11452,408955,9784,314402,15902,723357,California
San Diego,2/28/2021,15244,980051,9944,446892,5300,533159,0,0,9498,416489,5745,320147,13279,736636,California
San Diego,3/1/2021,24162,1004213,14239,461131,9922,543081,1,1,14674,426525,9414,329561,19450,756086,California
San Diego,3/2/2021,26079,1030292,13995,475126,12084,555165,0,1,12725,433601,13347,342908,20423,776509,California
San Diego,3/3/2021,33950,1064242,15881,491007,18066,573231,3,4,14055,435645,19880,362788,21924,798433,California
San Diego,3/4/2021,28277,1092519,14065,505072,14212,587443,0,4,12647,440023,15610,378398,19988,818421,California
San Diego,3/5/2021,28917,1121436,14820,519892,14015,601458,82,86,13491,445285,15411,393809,20673,839094,California
San Diego,3/6/2021,23360,1144796,9523,529415,13135,614593,702,788,10298,448488,13048,406857,16251,855345,California
San Diego,3/7/2021,18196,1162992,9294,538709,8332,622925,570,1358,6911,449275,11278,418135,12065,867410,California
San Diego,3/8/2021,23033,1186025,11164,549873,10970,633895,899,2257,11430,454935,11592,429727,17252,884662,California
San Diego,3/9/2021,25848,1211873,11940,561813,12153,646048,1755,4012,10103,456691,15733,445460,17489,902151,California
San Diego,3/10/2021,25257,1237130,10731,572544,12133,658181,2393,6405,9875,459033,15371,460831,17713,919864,California
San Diego,3/11/2021,28667,1265797,10996,583540,14073,672254,3598,10003,10011,459177,18637,479468,18781,938645,California
San Diego,3/12/2021,27063,1292860,9447,592987,14482,686736,3134,13137,9959,458715,17090,496558,16628,955273,California
San Diego,3/13/2021,25974,1318834,7298,600285,17073,703809,1603,14740,10074,458689,15897,512455,15871,971144,California
San Diego,3/14/2021,13704,1332538,5358,605643,7610,711419,736,15476,4787,457731,8910,521365,7952,979096,California
San Diego,3/15/2021,22006,1354544,10154,615797,11074,722493,778,16254,9045,457734,12943,534308,12946,992042,California
San Diego,3/16/2021,29890,1384434,15696,631493,13781,736274,413,16667,15648,463290,14221,548529,19777,1011819,California
San Diego,3/17/2021,26234,1410668,12147,643640,13378,749652,709,17376,16709,473691,9514,558043,19915,1031734,California
San Diego,3/18/2021,31372,1442040,17693,661333,12784,762436,895,18271,16927,479713,14410,572453,20432,1052166,California
San Diego,3/19/2021,30158,1472198,14292,675625,14889,777325,977,19248,19286,490855,10855,583308,21997,1074163,California
San Diego,3/20/2021,27777,1499975,8360,683985,17626,794951,1791,21039,21359,509211,6409,589717,24765,1098928,California
San Diego,3/21/2021,16481,1516456,12005,695990,3760,798711,716,21755,7684,511561,8785,598502,11135,1110063,California
San Diego,3/22/2021,22440,1538896,13094,709084,9105,807816,241,21996,14292,521265,8138,606640,17842,1127905,California
San Diego,3/23/2021,25928,1564824,13604,722688,12064,819880,260,22256,17136,532158,8776,615416,19669,1147574,California
San Diego,3/24/2021,29470,1594294,19700,742388,9406,829286,364,22620,17077,540463,12384,627800,20689,1168263,California
San Diego,3/25/2021,30273,1624567,18197,760585,11419,840705,657,23277,17981,548967,12277,640077,20781,1189044,California
San Diego,3/26/2021,32083,1656650,17862,778447,13674,854379,547,23824,17572,555587,14481,654558,21101,1210145,California
San Diego,3/27/2021,25420,1682070,10976,789423,14051,868430,393,24217,15702,564248,9702,664260,18363,1228508,California
San Diego,3/28/2021,14937,1697007,9170,798593,5711,874141,56,24273,9202,569254,5728,669988,10734,1239242,California
San Diego,3/29/2021,26573,1723580,12843,811436,13133,887274,597,24870,16398,578512,10166,680154,19424,1258666,California
San Diego,3/30/2021,33153,1756733,17867,829303,14515,901789,771,25641,21999,591998,11136,691290,24622,1283288,California
San Diego,3/31/2021,30192,1786925,18722,848025,10831,912620,639,26280,20551,604691,9622,700912,22315,1305603,California
San Diego,4/1/2021,34060,1820985,20112,868137,12596,925216,1352,27632,23149,619645,10884,711796,25838,1331441,California
San Diego,4/2/2021,35470,1856455,20663,888800,12254,937470,2553,30185,24153,636449,11300,723096,28104,1359545,California
San Diego,4/3/2021,30658,1887113,14422,903222,11760,949230,4476,34661,19683,651086,10961,734057,25598,1385143,California
San Diego,4/4/2021,8900,1896013,5077,908299,2924,952154,899,35560,4703,652754,4193,738250,5861,1391004,California
San Diego,4/5/2021,29591,1925604,15361,923660,11681,963835,2549,38109,19386,667235,10193,748443,24674,1415678,California
San Diego,4/6/2021,38514,1964118,20358,944018,12389,976224,5767,43876,22356,681907,16138,764581,30810,1446488,California
San Diego,4/7/2021,35463,1999581,21893,965911,9148,985372,4422,48298,20313,693946,15125,779706,27164,1473652,California
San Diego,4/8/2021,34896,2034477,21254,987165,9652,995024,3990,52288,21242,708166,13634,793340,27854,1501506,California
San Diego,4/9/2021,37930,2072407,22705,1009870,10229,1005253,4996,57284,20724,720456,17136,810476,29426,1530932,California
San Diego,4/10/2021,28492,2100899,11699,1021569,12864,1018117,3929,61213,14621,728359,13859,824335,21762,1552694,California
San Diego,4/11/2021,16101,2117000,9985,1031554,3855,1021972,2261,63474,7228,732646,8870,833205,13157,1565851,California
San Diego,4/12/2021,30495,2147495,12773,1044327,13430,1035402,4292,67766,17017,744137,13463,846668,24954,1590805,California
San Diego,4/13/2021,37044,2184539,17655,1061982,19355,1054757,34,67800,24735,760336,12291,858959,28490,1619295,California
San Diego,4/14/2021,32744,2217283,18760,1080742,13973,1068730,11,67811,17725,769125,15004,873963,23793,1643088,California
San Diego,4/15/2021,38778,2256061,20068,1100810,18708,1087438,2,67813,23492,782022,15260,889223,28157,1671245,California
San Diego,4/16/2021,33076,2289137,18384,1119194,14691,1102129,1,67814,19150,790204,13859,903082,22041,1693286,California
San Diego,4/17/2021,27541,2316678,13416,1132610,14125,1116254,0,67814,12207,791012,15237,918319,16045,1709331,California
San Diego,4/18/2021,14163,2330841,8817,1141427,5343,1121597,3,67817,6628,793731,7527,925846,10246,1719577,California
San Diego,4/19/2021,26111,2356952,13258,1154685,12852,1134449,1,67818,12415,795472,13681,939527,15422,1734999,California
San Diego,4/20/2021,38020,2394972,16938,1171623,21082,1155531,0,67818,19389,801829,18613,958140,24970,1759969,California
San Diego,4/21/2021,33803,2428775,19861,1191484,13942,1169473,0,67818,16631,807304,17144,975284,22619,1782588,California
San Diego,4/22/2021,41359,2470134,20274,1211758,21080,1190553,5,67823,20147,813504,21183,996467,27383,1809971,California
San Diego,4/23/2021,20043,2490177,13467,1225225,6565,1197118,11,67834,7626,816810,12407,1008874,15713,1825684,California
San Francisco,12/15/2020,7,7,7,7,0,0,0,0,7,7,0,0,7,7,California
San Francisco,12/16/2020,229,236,229,236,0,0,0,0,229,236,0,0,229,236,California
San Francisco,12/17/2020,394,630,394,630,0,0,0,0,394,630,0,0,394,630,California
San Francisco,12/18/2020,877,1507,876,1506,1,1,0,0,877,1507,0,0,877,1507,California
San Francisco,12/19/2020,601,2108,601,2107,0,1,0,0,601,2108,0,0,601,2108,California
San Francisco,12/20/2020,483,2591,483,2590,0,1,0,0,483,2591,0,0,483,2591,California
San Francisco,12/21/2020,1162,3753,1162,3752,0,1,0,0,1162,3753,0,0,1162,3753,California
San Francisco,12/22/2020,1399,5152,1365,5117,34,35,0,0,1399,5152,0,0,1399,5152,California
San Francisco,12/23/2020,1332,6484,1042,6159,290,325,0,0,1332,6484,0,0,1332,6484,California
San Francisco,12/24/2020,840,7324,503,6662,337,662,0,0,840,7324,0,0,840,7324,California
San Francisco,12/25/2020,34,7358,29,6691,5,667,0,0,34,7358,0,0,34,7358,California
San Francisco,12/26/2020,245,7603,151,6842,94,761,0,0,245,7603,0,0,245,7603,California
San Francisco,12/27/2020,273,7876,60,6902,213,974,0,0,273,7876,0,0,273,7876,California
San Francisco,12/28/2020,1269,9145,685,7587,584,1558,0,0,1269,9145,0,0,1269,9145,California
San Francisco,12/29/2020,1242,10387,621,8208,621,2179,0,0,1242,10387,0,0,1242,10387,California
San Francisco,12/30/2020,1486,11873,780,8988,706,2885,0,0,1486,11873,0,0,1486,11873,California
San Francisco,12/31/2020,962,12835,411,9399,551,3436,0,0,961,12834,0,0,961,12834,California
San Francisco,1/1/2021,71,12906,61,9460,10,3446,0,0,71,12905,0,0,71,12905,California
San Francisco,1/2/2021,333,13239,302,9762,31,3477,0,0,333,13238,0,0,333,13238,California
San Francisco,1/3/2021,293,13532,101,9863,192,3669,0,0,292,13529,1,1,292,13530,California
San Francisco,1/4/2021,1838,15370,1357,11220,481,4150,0,0,1835,15361,3,4,1835,15365,California
San Francisco,1/5/2021,2233,17603,1415,12635,818,4968,0,0,2198,17526,35,39,2200,17565,California
San Francisco,1/6/2021,1867,19470,1161,13796,706,5674,0,0,1602,18866,263,302,1603,19168,California
San Francisco,1/7/2021,2059,21529,1202,14998,857,6531,0,0,1603,20016,453,755,1603,20771,California
San Francisco,1/8/2021,2328,23857,1630,16628,698,7229,0,0,1492,20677,831,1586,1492,22263,California
San Francisco,1/9/2021,1387,25244,892,17520,495,7724,0,0,883,21058,504,2090,885,23148,California
San Francisco,1/10/2021,920,26164,542,18062,378,8102,0,0,460,21059,459,2549,460,23608,California
San Francisco,1/11/2021,2501,28665,1870,19932,631,8733,0,0,1402,21361,1100,3649,1402,25010,California
San Francisco,1/12/2021,3084,31749,2055,21987,1029,9762,0,0,1893,22064,1191,4840,1894,26904,California
San Francisco,1/13/2021,2817,34566,1598,23585,1219,10981,0,0,1989,23225,828,5668,1989,28893,California
San Francisco,1/14/2021,2435,37001,1097,24682,1338,12319,0,0,1875,24540,560,6228,1875,30768,California
San Francisco,1/15/2021,2739,39740,1145,25827,1594,13913,0,0,2348,26501,389,6617,2350,33118,California
San Francisco,1/16/2021,2249,41989,963,26790,1286,15199,0,0,2084,28421,165,6782,2085,35203,California
San Francisco,1/17/2021,1918,43907,532,27322,1386,16585,0,0,1703,29909,215,6997,1703,36906,California
San Francisco,1/18/2021,1371,45278,587,27909,784,17369,0,0,1109,30759,261,7258,1111,38017,California
San Francisco,1/19/2021,2568,47846,1470,29379,1098,18467,0,0,1823,31837,745,8003,1823,39840,California
San Francisco,1/20/2021,2703,50549,1084,30463,1619,20086,0,0,1955,33048,745,8748,1956,41796,California
San Francisco,1/21/2021,3288,53837,926,31389,2362,22448,0,0,2469,34700,817,9565,2469,44265,California
San Francisco,1/22/2021,3170,57007,633,32022,2537,24985,0,0,2728,36988,440,10005,2728,46993,California
San Francisco,1/23/2021,3089,60096,608,32630,2481,27466,0,0,2722,39345,366,10371,2723,49716,California
San Francisco,1/24/2021,2399,62495,336,32966,2063,29529,0,0,2172,41293,224,10595,2172,51888,California
San Francisco,1/25/2021,4578,67073,1779,34745,2799,32328,0,0,3031,42780,1545,12140,3032,54920,California
San Francisco,1/26/2021,4661,71734,2134,36879,2527,34855,0,0,3071,44266,1587,13727,3073,57993,California
San Francisco,1/27/2021,4414,76148,2069,38948,2345,37200,0,0,3067,45990,1343,15070,3067,61060,California
San Francisco,1/28/2021,3749,79897,1551,40499,2198,39398,0,0,2589,47424,1155,16225,2589,63649,California
San Francisco,1/29/2021,4711,84608,1677,42176,3034,42432,0,0,3445,49610,1259,17484,3445,67094,California
San Francisco,1/30/2021,3722,88330,1792,43968,1930,44362,0,0,3276,52444,445,17929,3279,70373,California
San Francisco,1/31/2021,2348,90678,822,44790,1526,45888,0,0,2197,54492,150,18079,2198,72571,California
San Francisco,2/1/2021,3778,94456,1518,46308,2260,48148,0,0,2879,56473,899,18978,2880,75451,California
San Francisco,2/2/2021,4641,99097,1961,48269,2680,50828,0,0,2877,57592,1758,20736,2877,78328,California
San Francisco,2/3/2021,5052,104149,2369,50638,2683,53511,0,0,3751,60046,1298,22034,3752,82080,California
San Francisco,2/4/2021,5014,109163,2430,53068,2584,56095,0,0,3854,62742,1158,23192,3854,85934,California
San Francisco,2/5/2021,5916,115079,3192,56260,2724,58819,0,0,4579,65988,1334,24526,4580,90514,California
San Francisco,2/6/2021,5467,120546,3647,59907,1820,60639,0,0,4569,69662,896,25422,4570,95084,California
San Francisco,2/7/2021,4320,124866,3170,63077,1150,61789,0,0,3744,72834,575,25997,3747,98831,California
San Francisco,2/8/2021,6688,131554,4605,67682,2083,63872,0,0,5482,77129,1189,27186,5484,104315,California
San Francisco,2/9/2021,5911,137465,3981,71663,1930,65802,0,0,4361,79944,1547,28733,4362,108677,California
San Francisco,2/10/2021,6852,144317,4173,75836,2679,68481,0,0,5089,83281,1755,30488,5092,113769,California
San Francisco,2/11/2021,6697,151014,3972,79808,2725,71206,0,0,4888,86364,1806,32294,4889,118658,California
San Francisco,2/12/2021,5304,156318,2663,82471,2641,73847,0,0,3477,88015,1826,34120,3477,122135,California
San Francisco,2/13/2021,4354,160672,2546,85017,1808,75655,0,0,3031,89725,1323,35443,3033,125168,California
San Francisco,2/14/2021,3412,164084,2239,87256,1173,76828,0,0,2289,90893,1122,36565,2290,127458,California
San Francisco,2/15/2021,2750,166834,1486,88742,1264,78092,0,0,1673,91491,1075,37640,1673,129131,California
San Francisco,2/16/2021,4977,171811,2720,91462,2257,80349,0,0,2951,92429,2019,39659,2957,132088,California
San Francisco,2/17/2021,5390,177201,2675,94137,2715,83064,0,0,2956,92961,2425,42084,2957,135045,California
San Francisco,2/18/2021,5368,182569,2627,96764,2741,85805,0,0,2808,93212,2560,44644,2811,137856,California
San Francisco,2/19/2021,5625,188194,2643,99407,2982,88787,0,0,2928,93451,2691,47335,2930,140786,California
San Francisco,2/20/2021,4478,192672,2143,101550,2335,91122,0,0,1697,92376,2773,50108,1698,142484,California
San Francisco,2/21/2021,2736,195408,1367,102917,1369,92491,0,0,1140,91925,1592,51700,1141,143625,California
San Francisco,2/22/2021,5088,200496,3166,106083,1922,94413,0,0,2560,91967,2520,54220,2562,146187,California
San Francisco,2/23/2021,5444,205940,3079,109162,2365,96778,0,0,2757,92043,2681,56901,2757,148944,California
San Francisco,2/24/2021,8958,214898,5070,114232,3888,100666,0,0,4777,92649,4172,61073,4778,153722,California
San Francisco,2/25/2021,9743,224641,6848,121080,2895,103561,0,0,6289,95488,3452,64525,6291,160013,California
San Francisco,2/26/2021,11891,236532,7716,128796,4175,107736,0,0,7044,97684,4849,69374,7045,167058,California
San Francisco,2/27/2021,8886,245418,5652,134448,3233,110969,1,1,4500,97813,4373,73747,4502,171560,California
San Francisco,2/28/2021,7696,253114,5519,139967,2177,113146,0,1,3828,97775,3867,77614,3829,175389,California
San Francisco,3/1/2021,10659,263773,7152,147119,3505,116651,2,3,5151,97440,5491,83105,5156,180545,California
San Francisco,3/2/2021,8829,272602,5632,152751,3197,119848,0,3,5117,98854,3704,86809,5118,185663,California
San Francisco,3/3/2021,10906,283508,6223,158974,4682,124530,1,4,5922,99807,4973,91782,5926,191589,California
San Francisco,3/4/2021,8609,292117,5416,164390,3193,127723,0,4,4845,100894,3758,95540,4845,196434,California
San Francisco,3/5/2021,8635,300752,5116,169506,3516,131239,3,7,5430,103132,3196,98736,5434,201868,California
San Francisco,3/6/2021,6850,307602,4408,173914,2235,133474,207,214,4205,104884,2657,101393,4409,206277,California
San Francisco,3/7/2021,5115,312717,3972,177886,1087,134561,56,270,2878,105567,2251,103644,2934,209211,California
San Francisco,3/8/2021,7116,319833,5150,183036,1780,136341,186,456,5568,109741,1580,105224,5754,214965,California
San Francisco,3/9/2021,6687,326520,3921,186957,2392,138733,374,830,4561,112539,2133,107357,4931,219896,California
San Francisco,3/10/2021,10361,336881,5861,192818,4006,142739,494,1324,6336,115364,4006,111363,6831,226727,California
San Francisco,3/11/2021,10018,346899,6336,199154,2723,145462,959,2283,6575,119464,3427,114790,7527,234254,California
San Francisco,3/12/2021,10688,357587,6234,205388,3147,148609,1307,3590,5937,121977,4728,119518,7241,241495,California
San Francisco,3/13/2021,6566,364153,3834,209222,1683,150292,1049,4639,4072,124610,2487,122005,5120,246615,California
San Francisco,3/14/2021,7474,371627,4840,214062,2398,152690,236,4875,4034,125452,3428,125433,4270,250885,California
San Francisco,3/15/2021,11899,383526,9076,223138,1890,154580,933,5808,8239,130970,3647,129080,9165,260050,California
San Francisco,3/16/2021,12022,395548,8158,231296,3407,157987,457,6265,8744,136905,3265,132345,9200,269250,California
San Francisco,3/17/2021,13135,408683,8112,239408,4482,162469,541,6806,9495,143323,3614,135959,10032,279282,California
San Francisco,3/18/2021,9933,418616,6726,246134,2586,165055,621,7427,5652,145337,4256,140215,6270,285552,California
San Francisco,3/19/2021,11998,430614,8688,254822,2848,167903,462,7889,6385,146592,5589,145804,6844,292396,California
San Francisco,3/20/2021,8639,439253,6367,261189,1813,169716,459,8348,5133,148708,3478,149282,5594,297990,California
San Francisco,3/21/2021,6441,445694,5891,267080,416,170132,134,8482,3681,149775,2748,152030,3815,301805,California
San Francisco,3/22/2021,9639,455333,6791,273871,2007,172139,841,9323,5071,151135,4548,156578,5908,307713,California
San Francisco,3/23/2021,11111,466444,7340,281211,3125,175264,646,9969,6696,154089,4385,160963,7339,315052,California
San Francisco,3/24/2021,12230,478674,9376,290587,2319,177583,535,10504,6327,155081,5867,166830,6859,321911,California
San Francisco,3/25/2021,11754,490428,8629,299216,2564,180147,561,11065,5889,155726,5801,172631,6446,328357,California
San Francisco,3/26/2021,11823,502251,8177,307393,3416,183563,230,11295,6108,156376,5685,178316,6335,334692,California
San Francisco,3/27/2021,8596,510847,5735,313128,2516,186079,345,11640,3903,155946,4677,182993,4247,338939,California
San Francisco,3/28/2021,6563,517410,5235,318363,1286,187365,42,11682,3161,155766,3380,186373,3200,342139,California
San Francisco,3/29/2021,11350,528760,7855,326218,3312,190677,183,11865,5134,154891,6191,192564,5316,347455,California
San Francisco,3/30/2021,11478,540238,7168,333386,4020,194697,290,12155,6882,157490,4572,197136,7171,354626,California
San Francisco,3/31/2021,12080,552318,8017,341403,3769,198466,294,12449,5625,156978,6426,203562,5914,360540,California
San Francisco,4/1/2021,13642,565960,7255,348658,4753,203219,1634,14083,5938,156871,7676,211238,7569,368109,California
San Francisco,4/2/2021,14549,580509,6416,355074,6326,209545,1807,15890,6863,157871,7667,218905,8667,376776,California
San Francisco,4/3/2021,10224,590733,4756,359830,3687,213232,1781,17671,4677,158791,5535,224440,6455,383231,California
San Francisco,4/4/2021,8970,599703,4740,364570,2578,215810,1652,19323,3596,158679,5362,229802,5250,388481,California
San Francisco,4/5/2021,15872,615575,9723,374293,4275,220085,1874,21197,6354,157409,9497,239299,8227,396708,California
San Francisco,4/6/2021,15893,631468,9416,383709,4429,224514,2048,23245,6242,156062,9632,248931,8285,404993,California
San Francisco,4/7/2021,16559,648027,9958,393667,4389,228903,2212,25457,6953,155626,9588,258519,9152,414145,California
San Francisco,4/8/2021,14009,662036,6688,400355,2952,231855,4369,29826,4617,155231,9365,267884,8970,423115,California
San Francisco,4/9/2021,15623,677659,7582,407937,4710,236565,3331,33157,6677,156308,8918,276802,9995,433110,California
San Francisco,4/10/2021,12970,690629,5650,413587,5710,242275,1610,34767,7054,159074,5892,282694,8658,441768,California
San Francisco,4/11/2021,9952,700581,7451,421038,1335,243610,1166,35933,5193,160683,4748,287442,6357,448125,California
San Francisco,4/12/2021,10516,711097,6866,427904,2524,246134,1126,37059,4861,161035,5632,293074,5984,454109,California
San Francisco,4/13/2021,10617,721714,7259,435163,3347,249481,11,37070,5398,161250,5197,298271,5412,459521,California
San Francisco,4/14/2021,13198,734912,7979,443142,5218,254699,1,37071,6439,160960,6730,305001,6440,465961,California
San Francisco,4/15/2021,13477,748389,9391,452533,4085,258784,1,37072,7960,163431,5494,310495,7965,473926,California
San Francisco,4/16/2021,12743,761132,8620,461153,4080,262864,43,37115,7579,165920,5138,315633,7627,481553,California
San Francisco,4/17/2021,9763,770895,7226,468379,2537,265401,0,37115,6898,169970,2851,318484,6901,488454,California
San Francisco,4/18/2021,6530,777425,4985,473364,1545,266946,0,37115,4054,171569,2457,320941,4056,492510,California
San Francisco,4/19/2021,10680,788105,8018,481382,2657,269603,5,37120,6885,174687,3782,324723,6900,499410,California
San Francisco,4/20/2021,12192,800297,7096,488478,5095,274698,1,37121,8434,179385,3739,328462,8437,507847,California
San Francisco,4/21/2021,10366,810663,7436,495914,2926,277624,4,37125,6344,181737,3999,332461,6351,514198,California
San Francisco,4/22/2021,9551,820214,7058,502972,2493,280117,0,37125,5576,183362,3957,336418,5582,519780,California
San Francisco,4/23/2021,6001,826215,3366,506338,2635,282752,0,37125,3621,184620,2365,338783,3623,523403,California
San Joaquin,12/15/2020,12,12,12,12,0,0,0,0,12,12,0,0,12,12,California
San Joaquin,12/16/2020,305,317,305,317,0,0,0,0,305,317,0,0,305,317,California
San Joaquin,12/17/2020,311,628,311,628,0,0,0,0,311,628,0,0,311,628,California
San Joaquin,12/18/2020,519,1147,515,1143,4,4,0,0,519,1147,0,0,519,1147,California
San Joaquin,12/19/2020,189,1336,189,1332,0,4,0,0,189,1336,0,0,189,1336,California
San Joaquin,12/20/2020,112,1448,111,1443,1,5,0,0,112,1448,0,0,112,1448,California
San Joaquin,12/21/2020,517,1965,515,1958,2,7,0,0,517,1965,0,0,517,1965,California
San Joaquin,12/22/2020,961,2926,841,2799,120,127,0,0,960,2925,0,0,960,2925,California
San Joaquin,12/23/2020,956,3882,898,3697,58,185,0,0,954,3879,0,0,954,3879,California
San Joaquin,12/24/2020,214,4096,186,3883,28,213,0,0,213,4092,0,0,213,4092,California
San Joaquin,12/25/2020,14,4110,14,3897,0,213,0,0,14,4106,0,0,14,4106,California
San Joaquin,12/26/2020,101,4211,29,3926,72,285,0,0,101,4207,0,0,101,4207,California
San Joaquin,12/27/2020,41,4252,29,3955,12,297,0,0,41,4248,0,0,41,4248,California
San Joaquin,12/28/2020,618,4870,418,4373,200,497,0,0,618,4866,0,0,618,4866,California
San Joaquin,12/29/2020,794,5664,668,5041,126,623,0,0,794,5660,0,0,794,5660,California
San Joaquin,12/30/2020,1004,6668,713,5754,291,914,0,0,1002,6662,0,0,1002,6662,California
San Joaquin,12/31/2020,450,7118,201,5955,249,1163,0,0,451,7113,0,0,451,7113,California
San Joaquin,1/1/2021,17,7135,10,5965,7,1170,0,0,17,7130,0,0,17,7130,California
San Joaquin,1/2/2021,260,7395,238,6203,22,1192,0,0,260,7390,0,0,260,7390,California
San Joaquin,1/3/2021,37,7432,19,6222,18,1210,0,0,36,7425,1,1,36,7426,California
San Joaquin,1/4/2021,470,7902,335,6557,135,1345,0,0,468,7892,1,2,468,7894,California
San Joaquin,1/5/2021,972,8874,643,7200,329,1674,0,0,805,8565,168,170,841,8735,California
San Joaquin,1/6/2021,1211,10085,700,7900,511,2185,0,0,910,9181,297,467,913,9648,California
San Joaquin,1/7/2021,1062,11147,666,8566,396,2581,0,0,776,9675,283,750,777,10425,California
San Joaquin,1/8/2021,1191,12338,817,9383,374,2955,0,0,709,9906,482,1232,713,11138,California
San Joaquin,1/9/2021,376,12714,300,9683,76,3031,0,0,247,10024,129,1361,247,11385,California
San Joaquin,1/10/2021,222,12936,114,9797,108,3139,0,0,170,10142,52,1413,170,11555,California
San Joaquin,1/11/2021,1503,14439,1301,11098,202,3341,0,0,854,10376,648,2061,882,12437,California
San Joaquin,1/12/2021,1416,15855,1014,12112,402,3743,0,0,651,10336,761,2822,721,13158,California
San Joaquin,1/13/2021,1459,17314,834,12946,625,4368,0,0,941,10765,517,3339,946,14104,California
San Joaquin,1/14/2021,1640,18954,871,13817,769,5137,0,0,1305,11770,315,3654,1320,15424,California
San Joaquin,1/15/2021,1587,20541,616,14433,971,6108,0,0,1375,12955,198,3852,1383,16807,California
San Joaquin,1/16/2021,1133,21674,190,14623,943,7051,0,0,1106,14035,26,3878,1106,17913,California
San Joaquin,1/17/2021,1608,23282,130,14753,1478,8529,0,0,1571,15571,37,3915,1573,19486,California
San Joaquin,1/18/2021,734,24016,236,14989,498,9027,0,0,616,16073,114,4029,616,20102,California
San Joaquin,1/19/2021,1845,25861,884,15873,961,9988,0,0,1168,16574,673,4702,1174,21276,California
San Joaquin,1/20/2021,2069,27930,1276,17149,793,10781,0,0,1425,17364,640,5342,1430,22706,California
San Joaquin,1/21/2021,1951,29881,881,18030,1070,11851,0,0,1561,18547,383,5725,1566,24272,California
San Joaquin,1/22/2021,1949,31830,908,18938,1041,12892,0,0,1808,20220,138,5863,1811,26083,California
San Joaquin,1/23/2021,887,32717,401,19339,486,13378,0,0,604,20545,282,6145,607,26690,California
San Joaquin,1/24/2021,360,33077,156,19495,204,13582,0,0,340,20867,18,6163,340,27030,California
San Joaquin,1/25/2021,1968,35045,1128,20623,840,14422,0,0,1412,21730,553,6716,1416,28446,California
San Joaquin,1/26/2021,2136,37181,1108,21731,1028,15450,0,0,1533,22666,601,7317,1537,29983,California
San Joaquin,1/27/2021,1713,38894,761,22492,952,16402,0,0,1227,23416,483,7800,1233,31216,California
San Joaquin,1/28/2021,2008,40902,751,23243,1257,17659,0,0,1373,24159,633,8433,1376,32592,California
San Joaquin,1/29/2021,2124,43026,1032,24275,1092,18751,0,0,1781,25609,338,8771,1788,34380,California
San Joaquin,1/30/2021,2200,45226,395,24670,1805,20556,0,0,2025,27463,173,8944,2027,36407,California
San Joaquin,1/31/2021,1554,46780,177,24847,1377,21933,0,0,1494,28902,56,9000,1495,37902,California
San Joaquin,2/1/2021,2476,49256,1305,26152,1171,23104,0,0,1750,29930,725,9725,1753,39655,California
San Joaquin,2/2/2021,2571,51827,1161,27313,1410,24514,0,0,1961,31344,551,10276,1965,41620,California
San Joaquin,2/3/2021,3040,54867,1202,28515,1838,26352,0,0,2183,32679,852,11128,2187,43807,California
San Joaquin,2/4/2021,3418,58285,1701,30216,1717,28069,0,0,2615,34499,797,11925,2617,46424,California
San Joaquin,2/5/2021,3199,61484,1851,32067,1348,29417,0,0,2347,36003,846,12771,2350,48774,California
San Joaquin,2/6/2021,1117,62601,786,32853,331,29748,0,0,943,36776,172,12943,945,49719,California
San Joaquin,2/7/2021,612,63213,486,33339,126,29874,0,0,411,36994,194,13137,412,50131,California
San Joaquin,2/8/2021,1764,64977,1030,34369,734,30608,0,0,1439,38132,304,13441,1442,51573,California
San Joaquin,2/9/2021,2079,67056,1131,35500,948,31556,0,0,1554,39231,456,13897,1555,53128,California
San Joaquin,2/10/2021,2544,69600,1251,36751,1293,32849,0,0,1332,39380,1183,15080,1332,54460,California
San Joaquin,2/11/2021,2908,72508,1491,38242,1417,34266,0,0,1700,39906,1179,16259,1705,56165,California
San Joaquin,2/12/2021,2785,75293,1116,39358,1669,35935,0,0,1577,40291,1196,17455,1581,57746,California
San Joaquin,2/13/2021,2102,77395,395,39753,1707,37642,0,0,843,39891,1249,18704,849,58595,California
San Joaquin,2/14/2021,1891,79286,259,40012,1632,39274,0,0,686,39395,1183,19887,687,59282,California
San Joaquin,2/15/2021,1978,81264,846,40858,1132,40406,0,0,1195,39837,757,20644,1199,60481,California
San Joaquin,2/16/2021,3134,84398,1366,42224,1768,42174,0,0,1742,40206,1380,22024,1749,62230,California
San Joaquin,2/17/2021,3251,87649,1259,43483,1992,44166,0,0,1855,40681,1384,23408,1859,64089,California
San Joaquin,2/18/2021,3304,90953,1360,44843,1944,46110,0,0,1888,41184,1392,24800,1895,65984,California
San Joaquin,2/19/2021,4143,95096,2306,47149,1837,47947,0,0,2362,41799,1748,26548,2363,68347,California
San Joaquin,2/20/2021,1563,96659,680,47829,883,48830,0,0,1058,42353,504,27052,1058,69405,California
San Joaquin,2/21/2021,628,97287,475,48304,153,48983,0,0,398,42523,229,27281,399,69804,California
San Joaquin,2/22/2021,3496,100783,2465,50769,1031,50014,0,0,2507,44076,959,28240,2512,72316,California
San Joaquin,2/23/2021,4234,105017,2563,53332,1671,51685,0,0,2603,45075,1608,29848,2607,74923,California
San Joaquin,2/24/2021,5648,110665,3358,56690,2290,53975,0,0,4075,47600,1554,31402,4079,79002,California
San Joaquin,2/25/2021,6250,116915,3860,60550,2390,56365,0,0,4039,49467,2182,33584,4049,83051,California
San Joaquin,2/26/2021,5384,122299,2828,63378,2556,58921,0,0,3716,51548,1643,35227,3724,86775,California
San Joaquin,2/27/2021,5408,127707,1608,64986,3800,62721,0,0,2597,51393,2766,37993,2611,89386,California
San Joaquin,2/28/2021,3033,130740,1088,66074,1945,64666,0,0,1993,52362,1027,39020,1996,91382,California
San Joaquin,3/1/2021,4039,134779,1773,67847,2266,66932,0,0,2283,52913,1741,40761,2292,93674,California
San Joaquin,3/2/2021,4063,138842,1649,69496,2414,69346,0,0,2521,53967,1525,42286,2579,96253,California
San Joaquin,3/3/2021,5660,144502,3384,72880,2274,71620,2,2,4079,56486,1560,43846,4079,100332,California
San Joaquin,3/4/2021,5624,150126,2227,75107,3394,75014,3,5,3679,58238,1935,45781,3687,104019,California
San Joaquin,3/5/2021,4372,154498,1850,76957,2520,77534,2,7,3019,59921,1341,47122,3024,107043,California
San Joaquin,3/6/2021,3269,157767,2161,79118,979,78513,129,136,2690,62166,577,47699,2822,109865,California
San Joaquin,3/7/2021,1195,158962,549,79667,601,79114,45,181,917,62853,262,47961,949,110814,California
San Joaquin,3/8/2021,3054,162016,1243,80910,1687,80801,124,305,2056,64043,989,48950,2179,112993,California
San Joaquin,3/9/2021,3926,165942,1771,82681,2029,82830,126,431,2596,65452,1316,50266,2725,115718,California
San Joaquin,3/10/2021,4603,170545,2441,85122,2024,84854,138,569,3393,67786,1197,51463,3531,119249,California
San Joaquin,3/11/2021,4883,175428,2311,87433,1978,86832,594,1163,2904,69320,1968,53431,3502,122751,California
San Joaquin,3/12/2021,6202,181630,3099,90532,2773,89605,330,1493,4131,71733,2053,55484,4466,127217,California
San Joaquin,3/13/2021,3039,184669,1436,91968,1476,91081,127,1620,2284,73404,747,56231,2418,129635,California
San Joaquin,3/14/2021,2146,186815,667,92635,1178,92259,301,1921,1036,73639,1107,57338,1342,130977,California
San Joaquin,3/15/2021,6000,192815,3454,96089,2146,94405,400,2321,3156,74383,2824,60162,3568,134545,California
San Joaquin,3/16/2021,6743,199558,3828,99917,2664,97069,251,2572,3988,75887,2744,62906,4248,138793,California
San Joaquin,3/17/2021,7690,207248,4611,104528,3009,100078,70,2642,4284,76870,3382,66288,4365,143158,California
San Joaquin,3/18/2021,7558,214806,4444,108972,2612,102690,502,3144,3738,77333,3784,70072,4247,147405,California
San Joaquin,3/19/2021,7825,222631,4572,113544,2710,105400,543,3687,4729,79573,3078,73150,5318,152723,California
San Joaquin,3/20/2021,3633,226264,2102,115646,1290,106690,241,3928,1815,79836,1805,74955,2068,154791,California
San Joaquin,3/21/2021,2090,228354,1484,117130,400,107090,206,4134,1187,80375,897,75852,1436,156227,California
San Joaquin,3/22/2021,3920,232274,2003,119133,1502,108592,415,4549,2327,81540,1582,77434,2747,158974,California
San Joaquin,3/23/2021,5318,237592,2605,121738,2548,111140,165,4714,3692,83791,1611,79045,3862,162836,California
San Joaquin,3/24/2021,6749,244341,4184,125922,2478,113618,87,4801,3007,83173,3720,82765,3102,165938,California
San Joaquin,3/25/2021,5467,249808,3228,129150,2198,115816,41,4842,3261,84296,2186,84951,3309,169247,California
San Joaquin,3/26/2021,6072,255880,2501,131651,3423,119239,148,4990,3202,84816,2849,87800,3369,172616,California
San Joaquin,3/27/2021,4551,260431,2574,134225,1935,121174,42,5032,1781,83900,2753,90553,1837,174453,California
San Joaquin,3/28/2021,2669,263100,1768,135993,876,122050,25,5057,1279,83921,1371,91924,1392,175845,California
San Joaquin,3/29/2021,3959,267059,2122,138115,1815,123865,22,5079,2004,84029,1945,93869,2053,177898,California
San Joaquin,3/30/2021,6064,273123,3086,141201,2919,126784,59,5138,3451,84972,2592,96461,3535,181433,California
San Joaquin,3/31/2021,6472,279595,4064,145265,2349,129133,59,5197,3318,85233,3143,99604,3404,184837,California
San Joaquin,4/1/2021,6221,285816,2900,148165,3242,132375,79,5276,2756,84679,3455,103059,2901,187738,California
San Joaquin,4/2/2021,6221,292037,2825,150990,2908,135283,488,5764,2467,83939,3735,106794,2995,190733,California
San Joaquin,4/3/2021,4076,296113,2298,153288,1454,136737,324,6088,1964,84141,2097,108891,2299,193032,California
San Joaquin,4/4/2021,2227,298340,1316,154604,709,137446,202,6290,1514,85161,705,109596,1725,194757,California
San Joaquin,4/5/2021,4099,302439,2516,157120,1417,138863,166,6456,2327,85905,1765,111361,2509,197266,California
San Joaquin,4/6/2021,6903,309342,4424,161544,2222,141085,257,6713,3283,85857,3600,114961,3552,200818,California
San Joaquin,4/7/2021,8167,317509,4407,165951,2193,143278,1567,8280,3401,86086,4755,119716,4984,205802,California
San Joaquin,4/8/2021,8556,326065,4620,170571,1932,145210,2004,10284,3267,86091,5271,124987,5276,211078,California
San Joaquin,4/9/2021,8371,334436,3866,174437,2962,148172,1543,11827,3024,85351,5327,130314,4587,215665,California
San Joaquin,4/10/2021,5106,339542,1599,176036,1620,149792,1887,13714,1697,85528,3406,133720,3583,219248,California
San Joaquin,4/11/2021,3971,343513,1524,177560,1292,151084,1155,14869,1684,86089,2274,135994,2835,222083,California
San Joaquin,4/12/2021,5381,348894,2145,179705,2027,153111,1209,16078,2097,86132,3269,139263,3312,225395,California
San Joaquin,4/13/2021,7272,356166,4201,183906,3068,156179,3,16081,4428,87744,2827,142090,4439,229834,California
San Joaquin,4/14/2021,6973,363139,3449,187355,3524,159703,0,16081,4093,88982,2863,144953,4101,233935,California
San Joaquin,4/15/2021,7095,370234,4004,191359,3091,162794,0,16081,3844,89611,3220,148173,3849,237784,California
San Joaquin,4/16/2021,6227,376461,2934,194293,3290,166084,3,16084,3833,91086,2370,150543,3845,241629,California
San Joaquin,4/17/2021,4531,380992,2215,196508,2316,168400,0,16084,3240,93060,1283,151826,3257,244886,California
San Joaquin,4/18/2021,2368,383360,1285,197793,1083,169483,0,16084,1266,93245,1088,152914,1273,246159,California
San Joaquin,4/19/2021,4731,388091,2414,200207,2317,171800,0,16084,2427,93398,2285,155199,2438,248597,California
San Joaquin,4/20/2021,5710,393801,2816,203023,2894,174694,0,16084,2843,93406,2846,158045,2854,251451,California
San Joaquin,4/21/2021,4969,398770,2535,205558,2433,177127,1,16085,2810,94109,2113,160158,2816,254267,California
San Joaquin,4/22/2021,4647,403417,2802,208360,1845,178972,0,16085,2705,94905,1918,162076,2714,256981,California
San Joaquin,4/23/2021,3227,406644,1612,209972,1615,180587,0,16085,2136,95961,1082,163158,2138,259119,California
San Luis Obispo,12/16/2020,4,4,4,4,0,0,0,0,4,4,0,0,4,4,California
San Luis Obispo,12/17/2020,196,200,196,200,0,0,0,0,196,200,0,0,196,200,California
San Luis Obispo,12/18/2020,224,424,224,424,0,0,0,0,224,424,0,0,224,424,California
San Luis Obispo,12/19/2020,162,586,162,586,0,0,0,0,162,586,0,0,162,586,California
San Luis Obispo,12/20/2020,215,801,215,801,0,0,0,0,215,801,0,0,215,801,California
San Luis Obispo,12/21/2020,549,1350,549,1350,0,0,0,0,549,1350,0,0,549,1350,California
San Luis Obispo,12/22/2020,307,1657,303,1653,4,4,0,0,307,1657,0,0,307,1657,California
San Luis Obispo,12/23/2020,680,2337,367,2020,313,317,0,0,680,2337,0,0,680,2337,California
San Luis Obispo,12/24/2020,194,2531,19,2039,175,492,0,0,194,2531,0,0,194,2531,California
San Luis Obispo,12/25/2020,2,2533,1,2040,1,493,0,0,2,2533,0,0,2,2533,California
San Luis Obispo,12/26/2020,90,2623,12,2052,78,571,0,0,90,2623,0,0,90,2623,California
San Luis Obispo,12/27/2020,76,2699,0,2052,76,647,0,0,76,2699,0,0,76,2699,California
San Luis Obispo,12/28/2020,879,3578,430,2482,449,1096,0,0,879,3578,0,0,879,3578,California
San Luis Obispo,12/29/2020,903,4481,502,2984,401,1497,0,0,903,4481,0,0,903,4481,California
San Luis Obispo,12/30/2020,1174,5655,681,3665,493,1990,0,0,1174,5655,0,0,1174,5655,California
San Luis Obispo,12/31/2020,106,5761,4,3669,102,2092,0,0,106,5761,0,0,106,5761,California
San Luis Obispo,1/1/2021,13,5774,8,3677,5,2097,0,0,13,5774,0,0,13,5774,California
San Luis Obispo,1/2/2021,33,5807,8,3685,25,2122,0,0,33,5807,0,0,33,5807,California
San Luis Obispo,1/3/2021,16,5823,6,3691,10,2132,0,0,16,5823,0,0,16,5823,California
San Luis Obispo,1/4/2021,676,6499,524,4215,152,2284,0,0,676,6499,0,0,676,6499,California
San Luis Obispo,1/5/2021,974,7473,756,4971,218,2502,0,0,972,7469,2,2,972,7471,California
San Luis Obispo,1/6/2021,724,8197,480,5451,244,2746,0,0,716,8178,7,9,716,8187,California
San Luis Obispo,1/7/2021,1127,9324,949,6400,178,2924,0,0,685,8421,442,451,685,8872,California
San Luis Obispo,1/8/2021,881,10205,804,7204,77,3001,0,0,512,8565,368,819,512,9384,California
San Luis Obispo,1/9/2021,205,10410,196,7400,9,3010,0,0,28,8416,177,996,28,9412,California
San Luis Obispo,1/10/2021,12,10422,8,7408,4,3014,0,0,8,8420,4,1000,8,9420,California
San Luis Obispo,1/11/2021,526,10948,475,7883,51,3065,0,0,265,8425,260,1260,265,9685,California
San Luis Obispo,1/12/2021,597,11545,379,8262,218,3283,0,0,320,8468,277,1537,320,10005,California
San Luis Obispo,1/13/2021,882,12427,254,8516,628,3911,0,0,644,8876,236,1773,644,10649,California
San Luis Obispo,1/14/2021,730,13157,244,8760,486,4397,0,0,605,9369,112,1885,605,11254,California
San Luis Obispo,1/15/2021,729,13886,287,9047,442,4839,0,0,554,9753,170,2055,554,11808,California
San Luis Obispo,1/16/2021,99,13985,81,9128,18,4857,0,0,94,9842,5,2060,94,11902,California
San Luis Obispo,1/17/2021,67,14052,61,9189,6,4863,0,0,67,9909,0,2060,67,11969,California
San Luis Obispo,1/18/2021,1372,15424,389,9578,983,5846,0,0,1110,10757,262,2322,1110,13079,California
San Luis Obispo,1/19/2021,1585,17009,418,9996,1167,7013,0,0,1177,11526,408,2730,1177,14256,California
San Luis Obispo,1/20/2021,1883,18892,596,10592,1287,8300,0,0,1293,12232,588,3318,1294,15550,California
San Luis Obispo,1/21/2021,1570,20462,466,11058,1104,9404,0,0,1197,13061,369,3687,1198,16748,California
San Luis Obispo,1/22/2021,1521,21983,508,11566,1013,10417,0,0,1206,13954,313,4000,1206,17954,California
San Luis Obispo,1/23/2021,311,22294,293,11859,18,10435,0,0,295,14233,16,4016,295,18249,California
San Luis Obispo,1/24/2021,245,22539,238,12097,7,10442,0,0,239,14466,6,4022,239,18488,California
San Luis Obispo,1/25/2021,2071,24610,606,12703,1465,11907,0,0,1243,14881,828,4850,1243,19731,California
San Luis Obispo,1/26/2021,2003,26613,703,13406,1300,13207,0,0,1136,15150,867,5717,1136,20867,California
San Luis Obispo,1/27/2021,1612,28225,283,13689,1329,14536,0,0,1151,15840,461,6178,1151,22018,California
San Luis Obispo,1/28/2021,1484,29709,342,14031,1142,15678,0,0,1224,16805,259,6437,1224,23242,California
San Luis Obispo,1/29/2021,1734,31443,681,14712,1053,16731,0,0,1450,17971,284,6721,1450,24692,California
San Luis Obispo,1/30/2021,37,31480,18,14730,19,16750,0,0,26,17987,10,6731,26,24718,California
San Luis Obispo,1/31/2021,26,31506,20,14750,6,16756,0,0,23,18007,3,6734,23,24741,California
San Luis Obispo,2/1/2021,1664,33170,703,15453,961,17717,0,0,1395,19134,268,7002,1395,26136,California
San Luis Obispo,2/2/2021,1895,35065,676,16129,1219,18936,0,0,1521,20281,374,7376,1521,27657,California
San Luis Obispo,2/3/2021,1701,36766,727,16856,974,19910,0,0,1289,21158,412,7788,1289,28946,California
San Luis Obispo,2/4/2021,1656,38422,800,17656,856,20766,0,0,1089,21680,567,8355,1089,30035,California
San Luis Obispo,2/5/2021,1604,40026,717,18373,887,21653,0,0,1060,22196,545,8900,1061,31096,California
San Luis Obispo,2/6/2021,159,40185,92,18465,67,21720,0,0,93,22223,66,8966,93,31189,California
San Luis Obispo,2/7/2021,144,40329,99,18564,45,21765,0,0,74,22228,70,9036,75,31264,California
San Luis Obispo,2/8/2021,853,41182,468,19032,385,22150,0,0,495,22366,357,9393,495,31759,California
San Luis Obispo,2/9/2021,1122,42304,448,19480,674,22824,0,0,541,22339,575,9968,548,32307,California
San Luis Obispo,2/10/2021,1428,43732,486,19966,942,23766,0,0,521,21959,904,10872,524,32831,California
San Luis Obispo,2/11/2021,1330,45062,844,20810,486,24252,0,0,655,21942,672,11544,655,33486,California
San Luis Obispo,2/12/2021,787,45849,363,21173,424,24676,0,0,417,21989,370,11914,417,33903,California
San Luis Obispo,2/13/2021,390,46239,124,21297,266,24942,0,0,284,22168,105,12019,284,34187,California
San Luis Obispo,2/14/2021,317,46556,42,21339,275,25217,0,0,280,22412,37,12056,281,34468,California
San Luis Obispo,2/15/2021,723,47279,137,21476,586,25803,0,0,467,22626,253,12309,467,34935,California
San Luis Obispo,2/16/2021,2960,50239,1194,22670,1766,27569,0,0,1358,22388,1596,13905,1358,36293,California
San Luis Obispo,2/17/2021,2773,53012,1237,23907,1536,29105,0,0,1029,21682,1735,15640,1029,37322,California
San Luis Obispo,2/18/2021,2808,55820,1444,25351,1364,30469,0,0,1119,21121,1681,17321,1120,38442,California
San Luis Obispo,2/19/2021,1452,57272,1332,26683,120,30589,0,0,1129,21928,322,17643,1129,39571,California
San Luis Obispo,2/20/2021,249,57521,79,26762,170,30759,0,0,213,22105,36,17679,213,39784,California
San Luis Obispo,2/21/2021,48,57569,45,26807,3,30762,0,0,29,22115,19,17698,29,39813,California
San Luis Obispo,2/22/2021,2400,59969,1856,28663,544,31306,0,0,1460,22636,940,18638,1461,41274,California
San Luis Obispo,2/23/2021,1856,61825,1740,30403,116,31422,0,0,1365,23511,490,19128,1365,42639,California
San Luis Obispo,2/24/2021,2643,64468,1300,31703,1343,32765,0,0,835,22540,1806,20934,835,43474,California
San Luis Obispo,2/25/2021,2130,66598,1243,32946,887,33652,0,0,1206,22830,917,21851,1207,44681,California
San Luis Obispo,2/26/2021,2642,69240,1148,34094,1494,35146,0,0,1324,22842,1312,23163,1324,46005,California
San Luis Obispo,2/27/2021,566,69806,340,34434,226,35372,0,0,520,23316,46,23209,520,46525,California
San Luis Obispo,2/28/2021,196,70002,72,34506,124,35496,0,0,163,23450,29,23238,163,46688,California
San Luis Obispo,3/1/2021,2955,72957,1842,36348,1112,36608,1,1,2033,24563,922,24160,2035,48723,California
San Luis Obispo,3/2/2021,2985,75942,1886,38234,1099,37707,0,1,1840,25263,1141,25301,1841,50564,California
San Luis Obispo,3/3/2021,2267,78209,328,38562,1939,39646,0,1,822,24647,1439,26740,823,51387,California
San Luis Obispo,3/4/2021,2174,80383,1147,39709,1027,40673,0,1,1166,24809,1006,27746,1168,52555,California
San Luis Obispo,3/5/2021,2292,82675,1017,40726,1205,41878,70,71,1287,25176,990,28736,1357,53912,California
San Luis Obispo,3/6/2021,830,83505,308,41034,415,42293,107,178,611,25669,219,28955,712,54624,California
San Luis Obispo,3/7/2021,199,83704,32,41066,83,42376,84,262,70,25696,128,29083,155,54779,California
San Luis Obispo,3/8/2021,2722,86426,752,41818,1656,44032,314,576,1540,26369,1180,30263,1853,56632,California
San Luis Obispo,3/9/2021,2914,89340,956,42774,1722,45754,236,812,1512,26719,1399,31662,1749,58381,California
San Luis Obispo,3/10/2021,3174,92514,1240,44014,1664,47418,270,1082,1811,27440,1360,33022,2081,60462,California
San Luis Obispo,3/11/2021,3085,95599,1270,45284,1513,48931,302,1384,1692,28049,1384,34406,1993,62455,California
San Luis Obispo,3/12/2021,3160,98759,1281,46565,1540,50471,339,1723,1552,28343,1600,36006,1894,64349,California
San Luis Obispo,3/13/2021,788,99547,259,46824,420,50891,109,1832,428,28519,360,36366,536,64885,California
San Luis Obispo,3/14/2021,513,100060,54,46878,348,51239,111,1943,135,28388,377,36743,246,65131,California
San Luis Obispo,3/15/2021,3046,103106,1096,47974,1852,53091,98,2041,1527,28497,1516,38259,1625,66756,California
San Luis Obispo,3/16/2021,2844,105950,1510,49484,1234,54325,100,2141,1448,28654,1390,39649,1547,68303,California
San Luis Obispo,3/17/2021,3422,109372,1448,50932,1712,56037,262,2403,1979,29458,1436,41085,2240,70543,California
San Luis Obispo,3/18/2021,2782,112154,1445,52377,1144,57181,193,2596,1333,29538,1446,42531,1526,72069,California
San Luis Obispo,3/19/2021,2582,114736,1563,53940,697,57878,322,2918,960,29205,1617,44148,1284,73353,California
San Luis Obispo,3/20/2021,824,115560,492,54432,296,58174,36,2954,378,29173,446,44594,414,73767,California
San Luis Obispo,3/21/2021,186,115746,45,54477,138,58312,3,2957,157,29304,29,44623,160,73927,California
San Luis Obispo,3/22/2021,2678,118424,1170,55647,1461,59773,47,3004,1862,30401,812,45435,1909,75836,California
San Luis Obispo,3/23/2021,3356,121780,2212,57859,1126,60899,18,3022,2263,31593,1089,46524,2281,78117,California
San Luis Obispo,3/24/2021,3477,125257,2127,59986,1280,62179,70,3092,2616,33421,857,47381,2685,80802,California
San Luis Obispo,3/25/2021,3656,128913,2282,62268,1362,63541,12,3104,2633,35045,1020,48401,2644,83446,California
San Luis Obispo,3/26/2021,3132,132045,1758,64026,953,64494,421,3525,1752,35843,1375,49776,2173,85619,California
San Luis Obispo,3/27/2021,990,133035,506,64532,388,64882,96,3621,446,35843,542,50318,542,86161,California
San Luis Obispo,3/28/2021,441,133476,151,64683,234,65116,56,3677,240,35938,201,50519,296,86457,California
San Luis Obispo,3/29/2021,2574,136050,1271,65954,1169,66285,134,3811,1656,36822,906,51425,1790,88247,California
San Luis Obispo,3/30/2021,3494,139544,1904,67858,1447,67732,143,3954,2343,38160,1146,52571,2484,90731,California
San Luis Obispo,3/31/2021,3807,143351,2444,70302,1216,68948,147,4101,2445,39399,1353,53924,2592,93323,California
San Luis Obispo,4/1/2021,3796,147147,2419,72721,1283,70231,94,4195,2683,41071,1104,55028,2776,96099,California
San Luis Obispo,4/2/2021,1714,148861,682,73403,721,70952,311,4506,918,41504,795,55823,1228,97327,California
San Luis Obispo,4/3/2021,1087,149948,552,73955,408,71360,127,4633,472,41493,610,56433,599,97926,California
San Luis Obispo,4/4/2021,378,150326,130,74085,208,71568,40,4673,231,41617,147,56580,271,98197,California
San Luis Obispo,4/5/2021,3591,153917,1945,76030,1536,73104,110,4783,2048,42232,1541,58121,2156,100353,California
San Luis Obispo,4/6/2021,3989,157906,2136,78166,1544,74648,309,5092,1937,42432,2046,60167,2246,102599,California
San Luis Obispo,4/7/2021,4249,162155,2333,80499,1576,76224,340,5432,2467,43468,1769,61936,2805,105404,California
San Luis Obispo,4/8/2021,3988,166143,2187,82686,1411,77635,390,5822,2172,44221,1809,63745,2562,107966,California
San Luis Obispo,4/9/2021,3595,169738,1709,84395,1145,78780,741,6563,1534,44441,2052,65797,2272,110238,California
San Luis Obispo,4/10/2021,1559,171297,555,84950,343,79123,661,7224,480,44502,1078,66875,1139,111377,California
San Luis Obispo,4/11/2021,312,171609,63,85013,186,79309,63,7287,125,44505,185,67060,188,111565,California
San Luis Obispo,4/12/2021,3345,174954,1693,86706,1489,80798,163,7450,1391,44105,1954,69014,1554,113119,California
San Luis Obispo,4/13/2021,3623,178577,2094,88800,1528,82326,1,7451,1957,44400,1664,70678,1959,115078,California
San Luis Obispo,4/14/2021,2813,181390,1675,90475,1135,83461,3,7454,1654,44908,1148,71826,1656,116734,California
San Luis Obispo,4/15/2021,3601,184991,2362,92837,1238,84699,1,7455,1925,45175,1659,73485,1926,118660,California
San Luis Obispo,4/16/2021,3567,188558,2188,95025,1376,86075,3,7458,1789,45191,1775,75260,1791,120451,California
San Luis Obispo,4/17/2021,1083,189641,431,95456,650,86725,2,7460,715,45541,367,75627,717,121168,California
San Luis Obispo,4/18/2021,317,189958,96,95552,220,86945,1,7461,108,45443,207,75834,109,121277,California
San Luis Obispo,4/19/2021,2945,192903,1283,96835,1626,88571,36,7497,1119,44775,1824,77658,1156,122433,California
San Luis Obispo,4/20/2021,3428,196331,1890,98725,1538,90109,0,7497,1356,44070,2061,79719,1356,123789,California
San Luis Obispo,4/21/2021,3004,199335,1241,99966,1763,91872,0,7497,1360,43796,1634,81353,1360,125149,California
San Luis Obispo,4/22/2021,2131,201466,941,100907,1190,93062,0,7497,801,43276,1323,82676,803,125952,California
San Luis Obispo,4/23/2021,245,201711,99,101006,142,93204,4,7501,118,43279,127,82803,130,126082,California
San Mateo,12/15/2020,26,26,26,26,0,0,0,0,26,26,0,0,26,26,California
San Mateo,12/16/2020,110,136,110,136,0,0,0,0,110,136,0,0,110,136,California
San Mateo,12/17/2020,162,298,162,298,0,0,0,0,162,298,0,0,162,298,California
San Mateo,12/18/2020,740,1038,738,1036,2,2,0,0,740,1038,0,0,740,1038,California
San Mateo,12/19/2020,509,1547,509,1545,0,2,0,0,509,1547,0,0,509,1547,California
San Mateo,12/20/2020,508,2055,507,2052,1,3,0,0,508,2055,0,0,508,2055,California
San Mateo,12/21/2020,1153,3208,1153,3205,0,3,0,0,1153,3208,0,0,1153,3208,California
San Mateo,12/22/2020,1513,4721,1506,4711,7,10,0,0,1513,4721,0,0,1513,4721,California
San Mateo,12/23/2020,1570,6291,1384,6095,186,196,0,0,1570,6291,0,0,1570,6291,California
San Mateo,12/24/2020,866,7157,609,6704,257,453,0,0,866,7157,0,0,866,7157,California
San Mateo,12/25/2020,114,7271,110,6814,4,457,0,0,114,7271,0,0,114,7271,California
San Mateo,12/26/2020,560,7831,417,7231,143,600,0,0,560,7831,0,0,560,7831,California
San Mateo,12/27/2020,305,8136,175,7406,130,730,0,0,305,8136,0,0,305,8136,California
San Mateo,12/28/2020,1048,9184,702,8108,346,1076,0,0,1048,9184,0,0,1048,9184,California
San Mateo,12/29/2020,1128,10312,705,8813,423,1499,0,0,1128,10312,0,0,1128,10312,California
San Mateo,12/30/2020,1263,11575,760,9573,503,2002,0,0,1263,11575,0,0,1263,11575,California
San Mateo,12/31/2020,717,12292,232,9805,485,2487,0,0,716,12290,1,1,716,12291,California
San Mateo,1/1/2021,41,12333,32,9837,9,2496,0,0,41,12331,0,1,41,12332,California
San Mateo,1/2/2021,398,12731,269,10106,129,2625,0,0,398,12729,0,1,398,12730,California
San Mateo,1/3/2021,281,13012,206,10312,75,2700,0,0,278,13004,3,4,278,13008,California
San Mateo,1/4/2021,1056,14068,682,10994,374,3074,0,0,1056,14060,0,4,1056,14064,California
San Mateo,1/5/2021,1199,15267,705,11699,494,3568,0,0,1170,15202,29,33,1171,15235,California
San Mateo,1/6/2021,1447,16714,950,12649,497,4065,0,0,1267,16292,178,211,1268,16503,California
San Mateo,1/7/2021,1450,18164,804,13453,646,4711,0,0,1162,17174,281,492,1163,17666,California
San Mateo,1/8/2021,1837,20001,1190,14643,647,5358,0,0,1140,17625,690,1182,1141,18807,California
San Mateo,1/9/2021,1179,21180,775,15418,404,5762,0,0,723,17892,456,1638,723,19530,California
San Mateo,1/10/2021,699,21879,570,15988,129,5891,0,0,265,17723,434,2072,265,19795,California
San Mateo,1/11/2021,2586,24465,1480,17468,1106,6997,0,0,1524,18185,1063,3135,1525,21320,California
San Mateo,1/12/2021,3280,27745,1770,19238,1510,8507,0,0,2100,19110,1178,4313,2103,23423,California
San Mateo,1/13/2021,3471,31216,1748,20986,1723,10230,0,0,2439,20520,1032,5345,2442,25865,California
San Mateo,1/14/2021,3775,34991,1582,22568,2193,12423,0,0,3091,22932,684,6029,3096,28961,California
San Mateo,1/15/2021,4332,39323,1710,24278,2622,15045,0,0,3804,26212,526,6555,3806,32767,California
San Mateo,1/16/2021,3084,42407,776,25054,2308,17353,0,0,2765,28658,319,6874,2765,35532,California
San Mateo,1/17/2021,1309,43716,308,25362,1001,18354,0,0,1101,29551,208,7082,1101,36633,California
San Mateo,1/18/2021,1363,45079,531,25893,832,19186,0,0,989,30173,371,7453,993,37626,California
San Mateo,1/19/2021,2793,47872,1781,27674,1012,20198,0,0,2003,31389,787,8240,2003,39629,California
San Mateo,1/20/2021,2654,50526,1401,29075,1253,21451,0,0,1809,32357,842,9082,1810,41439,California
San Mateo,1/21/2021,2823,53349,1280,30355,1543,22994,0,0,2243,34024,579,9661,2246,43685,California
San Mateo,1/22/2021,2788,56137,1130,31485,1658,24652,0,0,2489,36217,297,9958,2490,46175,California
San Mateo,1/23/2021,2881,59018,1688,33173,1193,25845,0,0,2518,38373,363,10321,2519,48694,California
San Mateo,1/24/2021,1518,60536,373,33546,1145,26990,0,0,1210,39276,307,10628,1210,49904,California
San Mateo,1/25/2021,4428,64964,3146,36692,1282,28272,0,0,3533,41918,893,11521,3535,53439,California
San Mateo,1/26/2021,4294,69258,2982,39674,1312,29584,0,0,3392,44409,901,12422,3392,56831,California
San Mateo,1/27/2021,2778,72036,1462,41136,1316,30900,0,0,1785,45208,987,13409,1786,58617,California
San Mateo,1/28/2021,2794,74830,1348,42484,1446,32346,0,0,1948,46325,831,14240,1948,60565,California
San Mateo,1/29/2021,2971,77801,1331,43815,1640,33986,0,0,2139,47638,829,15069,2142,62707,California
San Mateo,1/30/2021,3374,81175,1473,45288,1901,35887,0,0,2917,50100,456,15525,2918,65625,California
San Mateo,1/31/2021,1681,82856,897,46185,784,36671,0,0,1519,51459,160,15685,1519,67144,California
San Mateo,2/1/2021,2921,85777,1343,47528,1578,38249,0,0,2213,52969,704,16389,2214,69358,California
San Mateo,2/2/2021,3167,88944,1726,49254,1441,39690,0,0,2154,54113,1010,17399,2154,71512,California
San Mateo,2/3/2021,4875,93819,1944,51198,2931,42621,0,0,3823,56888,1049,18448,3824,75336,California
San Mateo,2/4/2021,6282,100101,2586,53784,3696,46317,0,0,4923,60461,1353,19801,4926,80262,California
San Mateo,2/5/2021,6786,106887,2551,56335,4235,50552,0,0,4961,63614,1808,21609,4961,85223,California
San Mateo,2/6/2021,3282,110169,1917,58252,1365,51917,0,0,2618,65571,663,22272,2620,87843,California
San Mateo,2/7/2021,1898,112067,1343,59595,555,52472,0,0,1711,67095,187,22459,1711,89554,California
San Mateo,2/8/2021,5273,117340,2244,61839,3029,55501,0,0,3101,68088,2108,24567,3101,92655,California
San Mateo,2/9/2021,6174,123514,3216,65055,2958,58459,0,0,3333,68584,2837,27404,3333,95988,California
San Mateo,2/10/2021,6496,130010,3270,68325,3226,61685,0,0,3542,69181,2945,30349,3542,99530,California
San Mateo,2/11/2021,7043,137053,3577,71902,3466,65151,0,0,3815,69781,3218,33567,3818,103348,California
San Mateo,2/12/2021,6618,143671,2952,74854,3666,68817,0,0,4705,72579,1909,35476,4707,108055,California
San Mateo,2/13/2021,6089,149760,3992,78846,2097,70914,0,0,2639,71772,3446,38922,2639,110694,California
San Mateo,2/14/2021,4625,154385,3014,81860,1611,72525,0,0,1977,71105,2645,41567,1978,112672,California
San Mateo,2/15/2021,3164,157549,1458,83318,1706,74231,0,0,1787,71520,1373,42940,1788,114460,California
San Mateo,2/16/2021,7143,164692,1871,85189,5272,79503,0,0,5280,74940,1862,44802,5282,119742,California
San Mateo,2/17/2021,7049,171741,1932,87121,5117,84620,0,0,5065,78028,1979,46781,5067,124809,California
San Mateo,2/18/2021,6677,178418,4620,91741,2057,86677,0,0,4438,80233,2235,49016,4440,129249,California
San Mateo,2/19/2021,7807,186225,5609,97350,2198,88875,0,0,5821,84074,1980,50996,5821,135070,California
San Mateo,2/20/2021,3728,189953,2412,99762,1316,90191,0,0,2304,84961,1417,52413,2304,137374,California
San Mateo,2/21/2021,2302,192255,1461,101223,841,91032,0,0,1257,85177,1041,53454,1257,138631,California
San Mateo,2/22/2021,4412,196667,3190,104413,1222,92254,0,0,2780,86331,1626,55080,2780,141411,California
San Mateo,2/23/2021,4285,200952,3041,107454,1244,93498,0,0,2480,87012,1799,56879,2480,143891,California
San Mateo,2/24/2021,7264,208216,3247,110701,4017,97515,0,0,4844,89441,2415,59294,4844,148735,California
San Mateo,2/25/2021,9070,217286,4001,114702,5069,102584,0,0,6006,92398,3049,62343,6006,154741,California
San Mateo,2/26/2021,9741,227027,3704,118406,6037,108621,0,0,6826,96324,2902,65245,6828,161569,California
San Mateo,2/27/2021,6677,233704,3411,121817,3265,111886,1,1,3629,96917,3043,68288,3636,165205,California
San Mateo,2/28/2021,4121,237825,2503,124320,1618,113504,0,1,2552,97905,1565,69853,2553,167758,California
San Mateo,3/1/2021,5618,243443,3510,127830,2108,115612,0,1,2777,97850,2832,72685,2777,170535,California
San Mateo,3/2/2021,5763,249206,3963,131793,1799,117411,1,2,3317,98731,2438,75123,3319,173854,California
San Mateo,3/3/2021,8265,257471,3848,135641,4416,121827,1,3,3566,97609,4689,79812,3567,177421,California
San Mateo,3/4/2021,8363,265834,3921,139562,4440,126267,2,5,3789,96843,4559,84371,3793,181214,California
San Mateo,3/5/2021,9062,274896,5971,145533,3088,129355,3,8,6404,100616,2638,87009,6411,187625,California
San Mateo,3/6/2021,7829,282725,5426,150959,2227,131582,176,184,5725,104421,2095,89104,5900,193525,California
San Mateo,3/7/2021,3463,286188,2311,153270,1085,132667,67,251,2004,105037,1455,90559,2071,195596,California
San Mateo,3/8/2021,4415,290603,2462,155732,1737,134404,216,467,3200,107245,1209,91768,3417,199013,California
San Mateo,3/9/2021,4526,295129,2108,157840,2146,136550,272,739,2990,108976,1530,93298,3261,202274,California
San Mateo,3/10/2021,6906,302035,2634,160474,3988,140538,284,1023,4559,111483,2335,95633,4842,207116,California
San Mateo,3/11/2021,9109,311144,5717,166191,2999,143537,393,1416,3699,110190,5384,101017,4091,211207,California
San Mateo,3/12/2021,10479,321623,6601,172792,3504,147041,374,1790,3491,107081,6974,107991,3865,215072,California
San Mateo,3/13/2021,8092,329715,3407,176199,3059,150100,1626,3416,3907,108436,4174,112165,5529,220601,California
San Mateo,3/14/2021,4928,334643,3297,179496,1524,151624,107,3523,2903,109427,2019,114184,3010,223611,California
San Mateo,3/15/2021,7112,341755,4570,184066,2368,153992,174,3697,3763,110021,3343,117527,3937,227548,California
San Mateo,3/16/2021,11890,353645,4354,188420,7413,161405,123,3820,4848,107968,7027,124554,4974,232522,California
San Mateo,3/17/2021,10775,364420,4354,192774,6297,167702,124,3944,4880,107104,5872,130426,5008,237530,California
San Mateo,3/18/2021,7210,371630,4017,196791,3010,170712,183,4127,4295,108669,2911,133337,4476,242006,California
San Mateo,3/19/2021,7347,378977,4709,201500,1971,172683,667,4794,3604,109204,3736,137073,4271,246277,California
San Mateo,3/20/2021,8262,387239,6431,207931,1497,174180,334,5128,5394,112078,2854,139927,5728,252005,California
San Mateo,3/21/2021,4137,391376,3115,211046,791,174971,231,5359,2339,112857,1788,141715,2567,254572,California
San Mateo,3/22/2021,5211,396587,3538,214584,1255,176226,418,5777,2859,113795,2340,144055,3278,257850,California
San Mateo,3/23/2021,9746,406333,4425,219009,5125,181351,196,5973,4641,113553,5079,149134,4837,262687,California
San Mateo,3/24/2021,9419,415752,5423,224432,3854,185205,142,6115,4096,112528,5260,154394,4235,266922,California
San Mateo,3/25/2021,9968,425720,4852,229284,4848,190053,268,6383,4391,111713,5477,159871,4662,271584,California
San Mateo,3/26/2021,11091,436811,7641,236925,3287,193340,163,6546,4428,109678,6627,166498,4592,276176,California
San Mateo,3/27/2021,10386,447197,7946,244871,2336,195676,104,6650,4657,108727,5709,172207,4758,280934,California
San Mateo,3/28/2021,4191,451388,2696,247567,1384,197060,111,6761,2086,108828,2097,174304,2198,283132,California
San Mateo,3/29/2021,5993,457381,3740,251307,2001,199061,252,7013,2843,108790,3133,177437,3095,286227,California
San Mateo,3/30/2021,7032,464413,3982,255289,2898,201959,152,7165,4454,110831,2565,180002,4606,290833,California
San Mateo,3/31/2021,7157,471570,4531,259820,2489,204448,137,7302,4057,111938,3087,183089,4194,295027,California
San Mateo,4/1/2021,10349,481919,5080,264900,4091,208539,1178,8480,5552,113903,4764,187853,6729,301756,California
San Mateo,4/2/2021,10571,492490,5048,269948,3965,212504,1558,10038,5537,115981,5016,192869,7094,308850,California
San Mateo,4/3/2021,9587,502077,5441,275389,2417,214921,1729,11767,4818,117770,4760,197629,6549,315399,California
San Mateo,4/4/2021,5372,507449,2584,277973,1543,216464,1245,13012,1697,117047,3665,201294,2942,318341,California
San Mateo,4/5/2021,8902,516351,4726,282699,2442,218906,1734,14746,3832,117554,5059,206353,5566,323907,California
San Mateo,4/6/2021,13037,529388,8158,290857,3032,221938,1847,16593,7444,121272,5581,211934,9299,333206,California
San Mateo,4/7/2021,11263,540651,5215,296072,4381,226319,1667,18260,4778,121245,6466,218400,6439,339645,California
San Mateo,4/8/2021,9957,550608,4981,301053,2427,228746,2549,20809,4422,122689,5522,223922,6966,346611,California
San Mateo,4/9/2021,11181,561789,5421,306474,3292,232038,2468,23277,5029,124044,6139,230061,7494,354105,California
San Mateo,4/10/2021,11067,572856,5641,312115,4013,236051,1413,24690,4585,123580,6460,236521,5996,360101,California
San Mateo,4/11/2021,6594,579450,3268,315383,880,236931,2446,27136,2324,124083,4264,240785,4767,364868,California
San Mateo,4/12/2021,7274,586724,4455,319838,1866,238797,953,28089,3539,124855,3721,244506,4493,369361,California
San Mateo,4/13/2021,8080,594804,5051,324889,3022,241819,7,28096,4284,125358,3791,248297,4294,373655,California
San Mateo,4/14/2021,8213,603017,5328,330217,2883,244702,2,28098,4306,125773,3897,252194,4312,377967,California
San Mateo,4/15/2021,10875,613892,7229,337446,3645,248347,1,28099,7152,129230,3698,255892,7155,385122,California
San Mateo,4/16/2021,9829,623721,6822,344268,2991,251338,16,28115,6282,132002,3531,259423,6303,391425,California
San Mateo,4/17/2021,9320,633041,6176,350444,3141,254479,3,28118,5997,134689,3315,262738,6002,397427,California
San Mateo,4/18/2021,5291,638332,2484,352928,2807,257286,0,28118,3576,136565,1706,264444,3582,401009,California
San Mateo,4/19/2021,8065,646397,5355,358283,2710,259996,0,28118,5168,138852,2888,267332,5175,406184,California
San Mateo,4/20/2021,10125,656522,5572,363855,4553,264549,0,28118,6506,141765,3603,270935,6516,412700,California
San Mateo,4/21/2021,8120,664642,5398,369253,2722,267271,0,28118,4790,143242,3320,274255,4797,417497,California
San Mateo,4/22/2021,7419,672061,4922,374175,2497,269768,0,28118,4201,144255,3193,277448,4206,421703,California
San Mateo,4/23/2021,4227,676288,2741,376916,1486,271254,0,28118,2655,145359,1562,279010,2666,424369,California
Santa Barbara,12/15/2020,2,2,2,2,0,0,0,0,2,2,0,0,2,2,California
Santa Barbara,12/16/2020,2,4,2,4,0,0,0,0,2,4,0,0,2,4,California
Santa Barbara,12/17/2020,53,57,53,57,0,0,0,0,53,57,0,0,53,57,California
Santa Barbara,12/18/2020,377,434,376,433,1,1,0,0,377,434,0,0,377,434,California
Santa Barbara,12/19/2020,325,759,325,758,0,1,0,0,325,759,0,0,325,759,California
Santa Barbara,12/20/2020,235,994,235,993,0,1,0,0,235,994,0,0,235,994,California
Santa Barbara,12/21/2020,651,1645,649,1642,2,3,0,0,651,1645,0,0,651,1645,California
Santa Barbara,12/22/2020,243,1888,241,1883,2,5,0,0,243,1888,0,0,243,1888,California
Santa Barbara,12/23/2020,320,2208,202,2085,118,123,0,0,320,2208,0,0,320,2208,California
Santa Barbara,12/24/2020,87,2295,40,2125,47,170,0,0,87,2295,0,0,87,2295,California
Santa Barbara,12/26/2020,326,2621,66,2191,260,430,0,0,326,2621,0,0,326,2621,California
Santa Barbara,12/27/2020,62,2683,1,2192,61,491,0,0,62,2683,0,0,62,2683,California
Santa Barbara,12/28/2020,355,3038,222,2414,133,624,0,0,355,3038,0,0,355,3038,California
Santa Barbara,12/29/2020,554,3592,361,2775,193,817,0,0,554,3592,0,0,554,3592,California
Santa Barbara,12/30/2020,587,4179,405,3180,182,999,0,0,587,4179,0,0,587,4179,California
Santa Barbara,12/31/2020,239,4418,113,3293,126,1125,0,0,239,4418,0,0,239,4418,California
Santa Barbara,1/1/2021,108,4526,107,3400,1,1126,0,0,108,4526,0,0,108,4526,California
Santa Barbara,1/2/2021,587,5113,223,3623,364,1490,0,0,587,5113,0,0,587,5113,California
Santa Barbara,1/3/2021,23,5136,15,3638,8,1498,0,0,23,5136,0,0,23,5136,California
Santa Barbara,1/4/2021,308,5444,245,3883,63,1561,0,0,307,5443,0,0,307,5443,California
Santa Barbara,1/5/2021,751,6195,378,4261,373,1934,0,0,724,6140,27,27,724,6167,California
Santa Barbara,1/6/2021,654,6849,275,4536,379,2313,0,0,595,6677,58,85,595,6762,California
Santa Barbara,1/7/2021,1030,7879,708,5244,322,2635,0,0,525,6701,501,586,525,7287,California
Santa Barbara,1/8/2021,1201,9080,839,6083,362,2997,0,0,708,6916,493,1079,708,7995,California
Santa Barbara,1/9/2021,566,9646,293,6376,273,3270,0,0,320,6990,246,1325,320,8315,California
Santa Barbara,1/10/2021,62,9708,50,6426,12,3282,0,0,46,7020,16,1341,46,8361,California
Santa Barbara,1/11/2021,837,10545,668,7094,169,3451,0,0,614,7412,222,1563,614,8975,California
Santa Barbara,1/12/2021,1426,11971,634,7728,792,4243,0,0,1270,8526,156,1719,1270,10245,California
Santa Barbara,1/13/2021,1227,13198,281,8009,946,5189,0,0,1101,9501,126,1845,1101,11346,California
Santa Barbara,1/14/2021,1250,14448,134,8143,1116,6305,0,0,1196,10645,53,1898,1197,12543,California
Santa Barbara,1/15/2021,1800,16248,419,8562,1381,7686,0,0,1719,12284,80,1978,1719,14262,California
Santa Barbara,1/16/2021,1273,17521,203,8765,1070,8756,0,0,1234,13480,38,2016,1234,15496,California
Santa Barbara,1/17/2021,123,17644,20,8785,103,8859,0,0,120,13597,3,2019,120,15616,California
Santa Barbara,1/18/2021,1152,18796,417,9202,735,9594,0,0,967,14379,185,2204,967,16583,California
Santa Barbara,1/19/2021,1638,20434,569,9771,1069,10663,0,0,1360,15462,277,2481,1360,17943,California
Santa Barbara,1/20/2021,1997,22431,445,10216,1552,12215,0,0,1704,16874,292,2773,1704,19647,California
Santa Barbara,1/21/2021,3085,25516,1818,12034,1267,13482,0,0,2930,19650,155,2928,2931,22578,California
Santa Barbara,1/22/2021,3000,28516,1851,13885,1149,14631,0,0,2855,22363,142,3070,2855,25433,California
Santa Barbara,1/23/2021,1735,30251,1106,14991,629,15260,0,0,1225,23079,509,3579,1225,26658,California
Santa Barbara,1/24/2021,844,31095,752,15743,92,15352,0,0,835,23905,9,3588,835,27493,California
Santa Barbara,1/25/2021,1238,32333,499,16242,739,16091,0,0,1000,24667,238,3826,1000,28493,California
Santa Barbara,1/26/2021,2042,34375,466,16708,1576,17667,0,0,1655,25937,385,4211,1655,30148,California
Santa Barbara,1/27/2021,1158,35533,398,17106,760,18427,0,0,901,26583,256,4467,902,31050,California
Santa Barbara,1/28/2021,895,36428,297,17403,598,19025,0,0,681,27054,211,4678,682,31732,California
Santa Barbara,1/29/2021,1332,37760,538,17941,794,19819,0,0,980,27687,349,5027,982,32714,California
Santa Barbara,1/30/2021,1890,39650,1418,19359,472,20291,0,0,1486,28772,401,5428,1486,34200,California
Santa Barbara,1/31/2021,1456,41106,1218,20577,238,20529,0,0,1417,30150,39,5467,1417,35617,California
Santa Barbara,2/1/2021,938,42044,517,21094,421,20950,0,0,550,30312,388,5855,550,36167,California
Santa Barbara,2/2/2021,1821,43865,699,21793,1122,22072,0,0,1046,30585,773,6628,1046,37213,California
Santa Barbara,2/3/2021,1941,45806,1078,22871,863,22935,0,0,1499,31652,432,7060,1499,38712,California
Santa Barbara,2/4/2021,2776,48582,1861,24732,915,23850,0,0,2481,33843,290,7350,2481,41193,California
Santa Barbara,2/5/2021,2905,51487,2059,26791,846,24696,0,0,2262,35463,642,7992,2262,43455,California
Santa Barbara,2/6/2021,1208,52695,339,27130,869,25565,0,0,796,35847,412,8404,796,44251,California
Santa Barbara,2/7/2021,299,52994,262,27392,37,25602,0,0,264,36077,34,8438,264,44515,California
Santa Barbara,2/8/2021,955,53949,311,27703,644,26246,0,0,669,36460,286,8724,669,45184,California
Santa Barbara,2/9/2021,2439,56388,314,28017,2125,28371,0,0,1121,36272,1309,10033,1121,46305,California
Santa Barbara,2/10/2021,2760,59148,1496,29513,1264,29635,0,0,803,35126,1949,11982,803,47108,California
Santa Barbara,2/11/2021,4179,63327,2805,32318,1374,31009,0,0,623,32199,3550,15532,623,47731,California
Santa Barbara,2/12/2021,3307,66634,948,33266,2359,33368,0,0,773,30443,2529,18061,773,48504,California
Santa Barbara,2/13/2021,1237,67871,341,33607,896,34264,0,0,562,30333,672,18733,562,49066,California
Santa Barbara,2/14/2021,331,68202,34,33641,297,34561,0,0,285,30572,46,18779,285,49351,California
Santa Barbara,2/15/2021,964,69166,337,33978,627,35188,0,0,491,30594,469,19248,491,49842,California
Santa Barbara,2/16/2021,2109,71275,396,34374,1713,36901,0,0,716,29921,1389,20637,716,50558,California
Santa Barbara,2/17/2021,1436,72711,322,34696,1114,38015,0,0,521,29529,913,21550,521,51079,California
Santa Barbara,2/18/2021,3251,75962,2646,37342,605,38620,0,0,1518,29348,1699,23249,1518,52597,California
Santa Barbara,2/19/2021,3603,79565,2648,39990,955,39575,0,0,2334,30416,1266,24515,2334,54931,California
Santa Barbara,2/20/2021,2219,81784,1432,41422,787,40362,0,0,1667,31540,543,25058,1667,56598,California
Santa Barbara,2/21/2021,124,81908,97,41519,27,40389,0,0,57,31530,67,25125,57,56655,California
Santa Barbara,2/22/2021,934,82842,243,41762,691,41080,0,0,262,31126,666,25791,262,56917,California
Santa Barbara,2/23/2021,3181,86023,1043,42805,2138,43218,0,0,419,28785,2760,28551,419,57336,California
Santa Barbara,2/24/2021,3195,89218,1086,43891,2109,45327,0,0,721,27041,2465,31016,721,58057,California
Santa Barbara,2/25/2021,3452,92670,1916,45807,1536,46863,0,0,985,25567,2460,33476,986,59043,California
Santa Barbara,2/26/2021,3664,96334,2174,47981,1490,48353,0,0,1980,25870,1677,35153,1980,61023,California
Santa Barbara,2/27/2021,1527,97861,561,48542,966,49319,0,0,846,26043,675,35828,848,61871,California
Santa Barbara,2/28/2021,1082,98943,220,48762,862,50181,0,0,891,26748,187,36015,892,62763,California
Santa Barbara,3/1/2021,1622,100565,461,49223,1161,51342,0,0,1080,27296,533,36548,1081,63844,California
Santa Barbara,3/2/2021,2609,103174,411,49634,2198,53540,0,0,2115,28929,483,37031,2116,65960,California
Santa Barbara,3/3/2021,4625,107799,2096,51730,2528,56068,1,1,4033,32384,582,37613,4037,69997,California
Santa Barbara,3/4/2021,3410,111209,2281,54011,1129,57197,0,1,2857,34694,547,38160,2857,72854,California
Santa Barbara,3/5/2021,3801,115010,2152,56163,1590,58787,59,60,3079,37116,716,38876,3138,75992,California
Santa Barbara,3/6/2021,2436,117446,726,56889,1491,60278,219,279,1671,38243,762,39638,1889,77881,California
Santa Barbara,3/7/2021,557,118003,122,57011,307,60585,128,407,381,38578,175,39813,510,78391,California
Santa Barbara,3/8/2021,1570,119573,374,57385,854,61439,342,749,790,38936,774,40587,1132,79523,California
Santa Barbara,3/9/2021,2765,122338,323,57708,1672,63111,770,1519,717,38374,2045,42632,1483,81006,California
Santa Barbara,3/10/2021,2750,125088,544,58252,1160,64271,1046,2565,1033,38741,1712,44344,2079,83085,California
Santa Barbara,3/11/2021,5573,130661,3031,61283,1428,65699,1114,3679,2279,38848,3282,47626,3389,86474,California
Santa Barbara,3/12/2021,3651,134312,2094,63377,1130,66829,427,4106,2172,39974,1471,49097,2597,89071,California
Santa Barbara,3/13/2021,3469,137781,1920,65297,1340,68169,209,4315,2695,42106,773,49870,2905,91976,California
Santa Barbara,3/14/2021,775,138556,366,65663,352,68521,57,4372,457,42302,318,50188,514,92490,California
Santa Barbara,3/15/2021,2102,140658,694,66357,1117,69638,291,4663,1266,43024,833,51021,1555,94045,California
Santa Barbara,3/16/2021,3725,144383,1170,67527,2214,71852,341,5004,2742,45127,980,52001,3083,97128,California
Santa Barbara,3/17/2021,3297,147680,970,68497,1922,73774,405,5409,2307,46849,988,52989,2710,99838,California
Santa Barbara,3/18/2021,5115,152795,2796,71293,2119,75893,200,5609,3896,49738,1207,54196,4096,103934,California
Santa Barbara,3/19/2021,4435,157230,2762,74055,1341,77234,332,5941,3045,51728,1386,55582,3376,107310,California
Santa Barbara,3/20/2021,2159,159389,825,74880,1324,78558,10,5951,1324,52229,833,56415,1334,108644,California
Santa Barbara,3/21/2021,1161,160550,382,75262,750,79308,29,5980,838,52774,322,56737,867,109511,California
Santa Barbara,3/22/2021,2776,163326,1914,77176,819,80127,43,6023,2226,54499,544,57281,2269,111780,California
Santa Barbara,3/23/2021,4470,167796,2246,79422,2128,82255,96,6119,3711,57556,750,58031,3807,115587,California
Santa Barbara,3/24/2021,5383,173179,3154,82576,1496,83751,733,6852,2953,58830,2411,60442,3685,119272,California
Santa Barbara,3/25/2021,5533,178712,3278,85854,2069,85820,186,7038,2765,59027,2754,63196,2951,122223,California
Santa Barbara,3/26/2021,5070,183782,3214,89068,1558,87378,298,7336,2236,58743,2818,66014,2534,124757,California
Santa Barbara,3/27/2021,2927,186709,1222,90290,1662,89040,43,7379,1595,59052,1327,67341,1636,126393,California
Santa Barbara,3/28/2021,2777,189486,1653,91943,1096,90136,28,7407,1896,60098,878,68219,1924,128317,California
Santa Barbara,3/29/2021,4041,193527,2087,94030,1885,92021,69,7476,3236,62603,800,69019,3305,131622,California
Santa Barbara,3/30/2021,6780,200307,3501,97531,3131,95152,148,7624,4557,65097,2209,71228,4703,136325,California
Santa Barbara,3/31/2021,8625,208932,5498,103029,3063,98215,64,7688,5051,66655,3558,74786,5116,141441,California
Santa Barbara,4/1/2021,6891,215823,5082,108111,1551,99766,258,7946,4049,68130,2830,77616,4305,145746,California
Santa Barbara,4/2/2021,6595,222418,4526,112637,1477,101243,592,8538,3384,68901,3204,80820,3975,149721,California
Santa Barbara,4/3/2021,3779,226197,2100,114737,1611,102854,68,8606,2489,70171,1286,82106,2556,152277,California
Santa Barbara,4/4/2021,894,227091,442,115179,412,103266,40,8646,496,70311,396,82502,536,152813,California
Santa Barbara,4/5/2021,3437,230528,2265,117444,914,104180,258,8904,2145,71429,1286,83788,2404,155217,California
Santa Barbara,4/6/2021,5447,235975,2815,120259,2097,106277,535,9439,3335,73199,2098,85886,3868,159085,California
Santa Barbara,4/7/2021,5986,241961,3287,123546,2159,108436,540,9979,4083,75928,1892,87778,4621,163706,California
Santa Barbara,4/8/2021,7375,249336,5027,128573,635,109071,1713,11692,3411,77089,3961,91739,5122,168828,California
Santa Barbara,4/9/2021,7282,256618,4864,133437,1074,110145,1344,13036,3297,77751,3976,95715,4638,173466,California
Santa Barbara,4/10/2021,6625,263243,4599,138036,1411,111556,615,13651,4517,80779,2104,97819,5132,178598,California
Santa Barbara,4/11/2021,2660,265903,1947,139983,414,111970,299,13950,1840,82099,815,98634,2135,180733,California
Santa Barbara,4/12/2021,4446,270349,2865,142848,1027,112997,554,14504,1940,82091,2500,101134,2492,183225,California
Santa Barbara,4/13/2021,6297,276646,4136,146984,2155,115152,6,14510,2610,81022,3684,104818,2615,185840,California
Santa Barbara,4/14/2021,6738,283384,4418,151402,2318,117470,2,14512,4225,82745,2503,107321,4226,190066,California
Santa Barbara,4/15/2021,6930,290314,4093,155495,2836,120306,1,14513,3846,83521,3072,110393,3848,193914,California
Santa Barbara,4/16/2021,6356,296670,3748,159243,2597,122903,11,14524,4381,85952,1960,112353,4391,198305,California
Santa Barbara,4/17/2021,5303,301973,3872,163115,1431,124334,0,14524,4098,88853,1197,113550,4098,202403,California
Santa Barbara,4/18/2021,2119,304092,1471,164586,648,124982,0,14524,370,87478,1746,115296,371,202774,California
Santa Barbara,4/19/2021,3178,307270,2212,166798,961,125943,5,14529,991,86291,2184,117480,997,203771,California
Santa Barbara,4/20/2021,5864,313134,3954,170752,1909,127852,1,14530,1661,83761,4191,121671,1661,205432,California
Santa Barbara,4/21/2021,5453,318587,3636,174388,1817,129669,0,14530,1745,81810,3696,125367,1745,207177,California
Santa Barbara,4/22/2021,4817,323404,2407,176795,2410,132079,0,14530,1378,79763,3426,128793,1379,208556,California
Santa Barbara,4/23/2021,2262,325666,1691,178486,571,132650,0,14530,1047,79601,1209,130002,1047,209603,California
Santa Clara,12/15/2020,65,65,65,65,0,0,0,0,65,65,0,0,65,65,California
Santa Clara,12/16/2020,136,201,136,201,0,0,0,0,136,201,0,0,136,201,California
Santa Clara,12/17/2020,390,591,390,591,0,0,0,0,390,591,0,0,390,591,California
Santa Clara,12/18/2020,1674,2265,1674,2265,0,0,0,0,1674,2265,0,0,1674,2265,California
Santa Clara,12/19/2020,2072,4337,2072,4337,0,0,0,0,2071,4336,0,0,2071,4336,California
Santa Clara,12/20/2020,1898,6235,1892,6229,6,6,0,0,1895,6231,0,0,1895,6231,California
Santa Clara,12/21/2020,2668,8903,2668,8897,0,6,0,0,2666,8897,0,0,2666,8897,California
Santa Clara,12/22/2020,3125,12028,3116,12013,9,15,0,0,3122,12019,0,0,3122,12019,California
Santa Clara,12/23/2020,3258,15286,3073,15086,185,200,0,0,3256,15275,0,0,3256,15275,California
Santa Clara,12/24/2020,1899,17185,1712,16798,187,387,0,0,1893,17167,1,1,1893,17168,California
Santa Clara,12/25/2020,343,17528,342,17140,1,388,0,0,343,17510,0,1,343,17511,California
Santa Clara,12/26/2020,1263,18791,1031,18171,232,620,0,0,1262,18772,0,1,1262,18773,California
Santa Clara,12/27/2020,647,19438,507,18678,140,760,0,0,647,19419,0,1,647,19420,California
Santa Clara,12/28/2020,2331,21769,1729,20407,602,1362,0,0,2331,21750,0,1,2331,21751,California
Santa Clara,12/29/2020,2326,24095,1466,21873,860,2222,0,0,2324,24074,0,1,2324,24075,California
Santa Clara,12/30/2020,2987,27082,1898,23771,1089,3311,0,0,2985,27057,2,3,2985,27060,California
Santa Clara,12/31/2020,1211,28293,387,24158,824,4135,0,0,1210,28266,1,4,1210,28270,California
Santa Clara,1/1/2021,138,28431,8,24166,130,4265,0,0,138,28404,0,4,138,28408,California
Santa Clara,1/2/2021,1081,29512,812,24978,269,4534,0,0,1081,29485,0,4,1081,29489,California
Santa Clara,1/3/2021,584,30096,369,25347,215,4749,0,0,579,30061,3,7,579,30068,California
Santa Clara,1/4/2021,2465,32561,1666,27013,799,5548,0,0,2463,32524,0,7,2463,32531,California
Santa Clara,1/5/2021,3056,35617,2001,29014,1055,6603,0,0,2868,35211,187,194,2874,35405,California
Santa Clara,1/6/2021,3319,38936,1954,30968,1365,7968,0,0,2744,37385,571,765,2745,38150,California
Santa Clara,1/7/2021,4212,43148,2554,33522,1658,9626,0,0,3146,39480,1056,1821,3151,41301,California
Santa Clara,1/8/2021,5840,48988,3820,37342,2020,11646,0,0,3787,41218,2049,3870,3787,45088,California
Santa Clara,1/9/2021,2969,51957,1862,39204,1107,12753,0,0,1686,41624,1283,5153,1689,46777,California
Santa Clara,1/10/2021,1952,53909,1509,40713,443,13196,0,0,740,41153,1211,6364,740,47517,California
Santa Clara,1/11/2021,5932,59841,3733,44446,2199,15395,0,0,3373,41973,2558,8922,3378,50895,California
Santa Clara,1/12/2021,6799,66640,3398,47844,3401,18796,0,0,4556,44289,2241,11163,4557,55452,California
Santa Clara,1/13/2021,7360,74000,3041,50885,4319,23115,0,0,5193,47318,2165,13328,5194,60646,California
Santa Clara,1/14/2021,8227,82227,2790,53675,5437,28552,0,0,6489,52075,1733,15061,6490,67136,California
Santa Clara,1/15/2021,9445,91672,2680,56355,6765,35317,0,0,8130,58898,1312,16373,8135,75271,California
Santa Clara,1/16/2021,4295,95967,1224,57579,3071,38388,0,0,3463,61533,828,17201,3463,78734,California
Santa Clara,1/17/2021,3213,99180,601,58180,2612,41000,0,0,2717,63754,496,17697,2717,81451,California
Santa Clara,1/18/2021,5086,104266,1149,59329,3937,44937,0,0,4534,67737,552,18249,4535,85986,California
Santa Clara,1/19/2021,8460,112726,2658,61987,5802,50739,0,0,6785,72853,1672,19921,6788,92774,California
Santa Clara,1/20/2021,7985,120711,4014,66001,3971,54710,0,0,6446,77765,1534,21455,6446,99220,California
Santa Clara,1/21/2021,8542,129253,3633,69634,4909,59619,0,0,7393,84013,1147,22602,7395,106615,California
Santa Clara,1/22/2021,8582,137835,3202,72836,5380,64999,0,0,8019,91472,562,23164,8021,114636,California
Santa Clara,1/23/2021,3780,141615,1687,74523,2093,67092,0,0,2823,93339,957,24121,2824,117460,California
Santa Clara,1/24/2021,2824,144439,1421,75944,1403,68495,0,0,2337,95191,485,24606,2337,119797,California
Santa Clara,1/25/2021,8362,152801,3778,79722,4584,73079,0,0,6307,99454,2048,26654,6311,126108,California
Santa Clara,1/26/2021,8228,161029,3760,83482,4468,77547,0,0,6117,103472,2101,28755,6119,132227,California
Santa Clara,1/27/2021,8704,169733,3823,87305,4881,82428,0,0,6784,108358,1899,30654,6785,139012,California
Santa Clara,1/28/2021,9412,179145,3769,91074,5643,88071,0,0,7464,113898,1928,32582,7468,146480,California
Santa Clara,1/29/2021,9498,188643,3935,95009,5563,93634,0,0,7334,119080,2155,34737,7337,153817,California
Santa Clara,1/30/2021,4167,192810,2061,97070,2106,95740,0,0,2963,120847,1197,35934,2964,156781,California
Santa Clara,1/31/2021,2170,194980,1302,98372,868,96608,0,0,1580,121840,587,36521,1580,158361,California
Santa Clara,2/1/2021,7826,202806,3480,101852,4346,100954,0,0,6140,126302,1679,38200,6141,164502,California
Santa Clara,2/2/2021,8292,211098,2869,104721,5423,106377,0,0,6303,130624,1984,40184,6306,170808,California
Santa Clara,2/3/2021,9191,220289,3480,108201,5711,112088,0,0,6919,135283,2266,42450,6925,177733,California
Santa Clara,2/4/2021,10883,231172,4109,112310,6774,118862,0,0,8604,141621,2269,44719,8607,186340,California
Santa Clara,2/5/2021,11903,243075,4345,116655,7558,126420,0,0,8447,146628,3441,48160,8448,194788,California
Santa Clara,2/6/2021,5173,248248,2808,119463,2365,128785,0,0,4013,149487,1156,49316,4015,198803,California
Santa Clara,2/7/2021,3470,251718,2347,121810,1123,129908,0,0,3019,152057,450,49766,3020,201823,California
Santa Clara,2/8/2021,10000,261718,3476,125286,6524,136432,0,0,7289,156650,2697,52463,7290,209113,California
Santa Clara,2/9/2021,11129,272847,3808,129094,7321,143753,0,0,7653,160840,3466,55929,7656,216769,California
Santa Clara,2/10/2021,12619,285466,4894,133988,7725,151478,0,0,6904,162044,5702,61631,6906,223675,California
Santa Clara,2/11/2021,13452,298918,4697,138685,8755,160233,0,0,7667,163941,5771,67402,7668,231343,California
Santa Clara,2/12/2021,14529,313447,4477,143162,10052,170285,0,0,7012,163457,7498,74900,7014,238357,California
Santa Clara,2/13/2021,6061,319508,1447,144609,4614,174899,0,0,2209,161822,3846,78746,2211,240568,California
Santa Clara,2/14/2021,4612,324120,1140,145749,3472,178371,0,0,1468,160149,3143,81889,1470,242038,California
Santa Clara,2/15/2021,6243,330363,2794,148543,3449,181820,0,0,2701,159314,3536,85425,2701,244739,California
Santa Clara,2/16/2021,13747,344110,3991,152534,9756,191576,0,0,6915,159414,6815,92240,6915,251654,California
Santa Clara,2/17/2021,14054,358164,5485,158019,8569,200145,0,0,7040,159463,6996,99236,7045,258699,California
Santa Clara,2/18/2021,13691,371855,8345,166364,5346,205491,0,0,7000,159798,6668,105904,7003,265702,California
Santa Clara,2/19/2021,14676,386531,9513,175877,5163,210654,0,0,8495,162131,6166,112070,8499,274201,California
Santa Clara,2/20/2021,6807,393338,5093,180970,1714,212368,0,0,3673,162679,3125,115195,3673,277874,California
Santa Clara,2/21/2021,3240,396578,2424,183394,816,213184,0,0,1163,161774,2070,117265,1165,279039,California
Santa Clara,2/22/2021,10142,406720,6075,189469,4067,217251,0,0,4734,161111,5398,122663,4735,283774,California
Santa Clara,2/23/2021,11835,418555,7694,197163,4141,221392,0,0,6710,162711,5114,127777,6714,290488,California
Santa Clara,2/24/2021,14110,432665,9084,206247,5026,226418,0,0,8736,166089,5358,133135,8736,299224,California
Santa Clara,2/25/2021,14567,447232,9222,215469,5345,231763,0,0,7865,167275,6684,139819,7870,307094,California
Santa Clara,2/26/2021,14547,461779,8432,223901,6115,237878,0,0,7998,168753,6523,146342,8001,315095,California
Santa Clara,2/27/2021,8042,469821,5488,229389,2553,240431,1,1,4450,169629,3582,149924,4458,319553,California
Santa Clara,2/28/2021,4713,474534,3066,232455,1647,242078,0,1,2204,169333,2500,152424,2204,321757,California
Santa Clara,3/1/2021,14049,488583,7964,240419,6083,248161,2,3,8692,172690,5337,157761,8694,330451,California
Santa Clara,3/2/2021,15756,504339,9376,249795,6380,254541,0,3,10213,177385,5519,163280,10214,340665,California
Santa Clara,3/3/2021,18264,522603,8892,258687,9371,263912,1,4,11321,181807,6906,170186,11328,351993,California
Santa Clara,3/4/2021,16335,538938,8905,267592,7427,271339,3,7,9531,184605,6738,176924,9536,361529,California
Santa Clara,3/5/2021,16423,555361,9115,276707,7183,278522,125,132,9111,186552,7293,184217,9240,370769,California
Santa Clara,3/6/2021,9339,564700,6263,282970,2641,281163,435,567,7038,191737,2288,186505,7473,378242,California
Santa Clara,3/7/2021,6713,571413,4405,287375,2077,283240,231,798,5349,195960,1356,187861,5579,383821,California
Santa Clara,3/8/2021,12826,584239,6679,294054,5586,288826,561,1359,8215,200143,4595,192456,8778,392599,California
Santa Clara,3/9/2021,14789,599028,6207,300261,7256,296082,1326,2685,6545,199785,8227,200683,7869,400468,California
Santa Clara,3/10/2021,14862,613890,6462,306723,6382,302464,2018,4703,6066,199081,8772,209455,8068,408536,California
Santa Clara,3/11/2021,16883,630773,7726,314449,7654,310118,1503,6206,5973,195663,10883,220338,7465,416001,California
Santa Clara,3/12/2021,17603,648376,9047,323496,6986,317104,1570,7776,5934,191524,11630,231968,7491,423492,California
Santa Clara,3/13/2021,10665,659041,6177,329673,3003,320107,1485,9261,4762,191878,5880,237848,6234,429726,California
Santa Clara,3/14/2021,6466,665507,3345,333018,1822,321929,1299,10560,3191,193101,3260,241108,4483,434209,California
Santa Clara,3/15/2021,12732,678239,6509,339527,5955,327884,268,10828,5960,192577,6753,247861,6229,440438,California
Santa Clara,3/16/2021,18104,696343,10242,349769,7656,335540,206,11034,8769,192242,9308,257169,8973,449411,California
Santa Clara,3/17/2021,19784,716127,11207,360976,8409,343949,168,11202,10213,193095,9523,266692,10376,459787,California
Santa Clara,3/18/2021,18934,735061,8847,369823,8929,352878,1158,12360,9131,193632,9749,276441,10286,470073,California
Santa Clara,3/19/2021,19118,754179,9827,379650,8293,361171,998,13358,10006,195571,9056,285497,10995,481068,California
Santa Clara,3/20/2021,11429,765608,6277,385927,4325,365496,827,14185,6717,198427,4684,290181,7540,488608,California
Santa Clara,3/21/2021,8234,773842,3715,389642,3119,368615,1400,15585,5521,202635,2704,292885,6912,495520,California
Santa Clara,3/22/2021,16216,790058,9041,398683,6831,375446,344,15929,9264,205313,6930,299815,9608,505128,California
Santa Clara,3/23/2021,19115,809173,12162,410845,6440,381886,513,16442,11236,209227,7835,307650,11749,516877,California
Santa Clara,3/24/2021,22461,831634,14474,425319,7576,389462,411,16853,14636,216492,7784,315434,15049,531926,California
Santa Clara,3/25/2021,22777,854411,13048,438367,8746,398208,983,17836,14697,224147,8016,323450,15671,547597,California
Santa Clara,3/26/2021,21748,876159,13857,452224,7508,405716,383,18219,13446,229704,8267,331717,13824,561421,California
Santa Clara,3/27/2021,15571,891730,10361,462585,4448,410164,762,18981,8392,231715,7142,338859,9153,570574,California
Santa Clara,3/28/2021,11972,903702,8276,470861,2983,413147,713,19694,6475,233425,5474,344333,7184,577758,California
Santa Clara,3/29/2021,20479,924181,12570,483431,7185,420332,724,20418,11145,235997,9294,353627,11866,589624,California
Santa Clara,3/30/2021,25418,949599,15136,498567,8350,428682,1932,22350,16260,245061,9123,362750,18187,607811,California
Santa Clara,3/31/2021,20238,969837,11737,510304,7379,436061,1122,23472,12543,251055,7663,370413,13657,621468,California
Santa Clara,4/1/2021,31326,1001163,19600,529904,8743,444804,2983,26455,19781,262324,11487,381900,22756,644224,California
Santa Clara,4/2/2021,24817,1025980,14179,544083,8527,453331,2111,28566,16194,272031,8592,390492,18299,662523,California
Santa Clara,4/3/2021,15026,1041006,9113,553196,3433,456764,2480,31046,8323,276142,6684,397176,10795,673318,California
Santa Clara,4/4/2021,7559,1048565,4003,557199,2404,459168,1152,32198,3931,277606,3619,400795,5083,678401,California
Santa Clara,4/5/2021,21459,1070024,14303,571502,4705,463873,2451,34649,13977,286574,7458,408253,16426,694827,California
Santa Clara,4/6/2021,29101,1099125,15993,587495,7701,471574,5407,40056,17454,297821,11607,419860,22854,717681,California
Santa Clara,4/7/2021,30408,1129533,15678,603173,8309,479883,6421,46477,18545,310964,11811,431671,24954,742635,California
Santa Clara,4/8/2021,28925,1158458,15939,619112,5911,485794,7075,53552,15933,321036,12921,444592,22993,765628,California
Santa Clara,4/9/2021,27486,1185944,13588,632700,6745,492539,7153,60705,13996,328729,13439,458031,21132,786760,California
Santa Clara,4/10/2021,21109,1207053,12212,644912,3712,496251,5185,65890,11296,335402,9782,467813,16455,803215,California
Santa Clara,4/11/2021,15875,1222928,9495,654407,2622,498873,3758,69648,8213,339736,7630,475443,11964,815179,California
Santa Clara,4/12/2021,26597,1249525,18716,673123,5485,504358,2396,72044,18139,351864,8405,483848,20533,835712,California
Santa Clara,4/13/2021,33408,1282933,26768,699891,6614,510972,26,72070,25930,370442,7401,491249,25979,861691,California
Santa Clara,4/14/2021,35829,1318762,27088,726979,8738,519710,3,72073,25806,386315,9963,501212,25836,887527,California
Santa Clara,4/15/2021,42999,1361761,33894,760873,9105,528815,0,72073,33358,410153,9544,510756,33382,920909,California
Santa Clara,4/16/2021,37690,1399451,26092,786965,11596,540411,2,72075,27315,427183,10308,521064,27338,948247,California
Santa Clara,4/17/2021,21333,1420784,14835,801800,6497,546908,1,72076,14856,435621,6435,527499,14873,963120,California
Santa Clara,4/18/2021,15757,1436541,10025,811825,5732,552640,0,72076,9688,439282,6037,533536,9698,972818,California
Santa Clara,4/19/2021,27889,1464430,19988,831813,7900,560540,1,72077,16758,445005,11064,544600,16787,989605,California
Santa Clara,4/20/2021,35132,1499562,21032,852845,14100,574640,0,72077,21369,452735,13667,558267,21397,1011002,California
Santa Clara,4/21/2021,20462,1520024,11982,864827,8480,583120,0,72077,10420,453187,9995,568262,10447,1021449,California
Santa Clara,4/22/2021,14913,1534937,8590,873417,6322,589442,1,72078,6409,451160,8453,576715,6426,1027875,California
Santa Clara,4/23/2021,7509,1542446,3762,877179,3747,593189,0,72078,3065,449810,4424,581139,3074,1030949,California
Santa Cruz,12/15/2020,2,2,2,2,0,0,0,0,2,2,0,0,2,2,California
Santa Cruz,12/16/2020,57,59,57,59,0,0,0,0,57,59,0,0,57,59,California
Santa Cruz,12/17/2020,389,448,389,448,0,0,0,0,389,448,0,0,389,448,California
Santa Cruz,12/18/2020,464,912,464,912,0,0,0,0,464,912,0,0,464,912,California
Santa Cruz,12/19/2020,178,1090,177,1089,1,1,0,0,178,1090,0,0,178,1090,California
Santa Cruz,12/20/2020,95,1185,95,1184,0,1,0,0,95,1185,0,0,95,1185,California
Santa Cruz,12/21/2020,435,1620,435,1619,0,1,0,0,435,1620,0,0,435,1620,California
Santa Cruz,12/22/2020,424,2044,423,2042,1,2,0,0,424,2044,0,0,424,2044,California
Santa Cruz,12/23/2020,372,2416,329,2371,43,45,0,0,372,2416,0,0,372,2416,California
Santa Cruz,12/24/2020,125,2541,49,2420,76,121,0,0,125,2541,0,0,125,2541,California
Santa Cruz,12/25/2020,11,2552,11,2431,0,121,0,0,11,2552,0,0,11,2552,California
Santa Cruz,12/26/2020,64,2616,45,2476,19,140,0,0,64,2616,0,0,64,2616,California
Santa Cruz,12/27/2020,32,2648,27,2503,5,145,0,0,32,2648,0,0,32,2648,California
Santa Cruz,12/28/2020,485,3133,108,2611,377,522,0,0,485,3133,0,0,485,3133,California
Santa Cruz,12/29/2020,800,3933,370,2981,430,952,0,0,800,3933,0,0,800,3933,California
Santa Cruz,12/30/2020,356,4289,164,3145,192,1144,0,0,356,4289,0,0,356,4289,California
Santa Cruz,12/31/2020,313,4602,11,3156,302,1446,0,0,313,4602,0,0,313,4602,California
Santa Cruz,1/1/2021,33,4635,1,3157,32,1478,0,0,33,4635,0,0,33,4635,California
Santa Cruz,1/2/2021,71,4706,57,3214,14,1492,0,0,71,4706,0,0,71,4706,California
Santa Cruz,1/3/2021,15,4721,7,3221,8,1500,0,0,15,4721,0,0,15,4721,California
Santa Cruz,1/4/2021,281,5002,123,3344,158,1658,0,0,279,5000,0,0,279,5000,California
Santa Cruz,1/5/2021,566,5568,428,3772,138,1796,0,0,264,4962,302,302,264,5264,California
Santa Cruz,1/6/2021,802,6370,669,4441,133,1929,0,0,464,5089,337,639,464,5728,California
Santa Cruz,1/7/2021,541,6911,212,4653,329,2258,0,0,388,5325,153,792,389,6117,California
Santa Cruz,1/8/2021,932,7843,560,5213,372,2630,0,0,485,5364,447,1239,486,6603,California
Santa Cruz,1/9/2021,463,8306,123,5336,340,2970,0,0,409,5719,54,1293,409,7012,California
Santa Cruz,1/10/2021,80,8386,70,5406,10,2980,0,0,21,5681,59,1352,21,7033,California
Santa Cruz,1/11/2021,723,9109,589,5995,134,3114,0,0,191,5340,532,1884,191,7224,California
Santa Cruz,1/12/2021,736,9845,532,6527,204,3318,0,0,493,5590,243,2127,493,7717,California
Santa Cruz,1/13/2021,522,10367,228,6755,294,3612,0,0,438,5947,81,2208,438,8155,California
Santa Cruz,1/14/2021,555,10922,101,6856,454,4066,0,0,489,6370,66,2274,489,8644,California
Santa Cruz,1/15/2021,1459,12381,77,6933,1382,5448,0,0,1394,7702,64,2338,1396,10040,California
Santa Cruz,1/16/2021,426,12807,54,6987,372,5820,0,0,407,8090,19,2357,407,10447,California
Santa Cruz,1/17/2021,297,13104,41,7028,256,6076,0,0,272,8337,25,2382,272,10719,California
Santa Cruz,1/18/2021,1015,14119,105,7133,910,6986,0,0,953,9228,62,2444,953,11672,California
Santa Cruz,1/19/2021,1622,15741,524,7657,1098,8084,0,0,1269,10147,351,2795,1270,12942,California
Santa Cruz,1/20/2021,1235,16976,183,7840,1052,9136,0,0,1038,10991,194,2989,1038,13980,California
Santa Cruz,1/21/2021,1712,18688,200,8040,1512,10648,0,0,1604,12489,108,3097,1606,15586,California
Santa Cruz,1/22/2021,1796,20484,532,8572,1264,11912,0,0,1694,14085,99,3196,1695,17281,California
Santa Cruz,1/23/2021,402,20886,147,8719,255,12167,0,0,342,14368,59,3255,342,17623,California
Santa Cruz,1/24/2021,116,21002,21,8740,95,12262,0,0,98,14448,18,3273,98,17721,California
Santa Cruz,1/25/2021,1062,22064,361,9101,701,12963,0,0,551,14488,511,3784,551,18272,California
Santa Cruz,1/26/2021,1695,23759,248,9349,1447,14410,0,0,1182,15157,513,4297,1182,19454,California
Santa Cruz,1/27/2021,1653,25412,449,9798,1204,15614,0,0,1269,16044,382,4679,1269,20723,California
Santa Cruz,1/28/2021,1749,27161,293,10091,1456,17070,0,0,1472,17240,277,4956,1473,22196,California
Santa Cruz,1/29/2021,1733,28894,489,10580,1244,18314,0,0,1603,18714,129,5085,1603,23799,California
Santa Cruz,1/30/2021,1059,29953,308,10888,751,19065,0,0,926,19507,133,5218,926,24725,California
Santa Cruz,1/31/2021,221,30174,113,11001,108,19173,0,0,207,19700,14,5232,207,24932,California
Santa Cruz,2/1/2021,1232,31406,759,11760,473,19646,0,0,826,20120,406,5638,826,25758,California
Santa Cruz,2/2/2021,1008,32414,128,11888,880,20526,0,0,853,20819,154,5792,853,26611,California
Santa Cruz,2/3/2021,2237,34651,960,12848,1277,21803,0,0,1922,22430,311,6103,1922,28533,California
Santa Cruz,2/4/2021,1855,36506,773,13621,1082,22885,0,0,1518,23612,336,6439,1518,30051,California
Santa Cruz,2/5/2021,3172,39678,793,14414,2379,25264,0,0,2852,26145,319,6758,2852,32903,California
Santa Cruz,2/6/2021,2588,42266,164,14578,2424,27688,0,0,2240,28037,348,7106,2240,35143,California
Santa Cruz,2/7/2021,909,43175,122,14700,787,28475,0,0,891,28910,18,7124,891,36034,California
Santa Cruz,2/8/2021,715,43890,202,14902,513,28988,0,0,515,29226,199,7323,515,36549,California
Santa Cruz,2/9/2021,2373,46263,1056,15958,1317,30305,0,0,2110,31077,259,7582,2110,38659,California
Santa Cruz,2/10/2021,2201,48464,579,16537,1622,31927,0,0,1502,31890,690,8272,1503,40162,California
Santa Cruz,2/11/2021,1856,50320,317,16854,1539,33466,0,0,1329,32694,525,8797,1329,41491,California
Santa Cruz,2/12/2021,3225,53545,421,17275,2804,36270,0,0,1815,33109,1402,10199,1817,43308,California
Santa Cruz,2/13/2021,1710,55255,124,17399,1586,37856,0,0,1296,33991,414,10613,1296,44604,California
Santa Cruz,2/14/2021,1403,56658,70,17469,1333,39189,0,0,1139,34866,264,10877,1139,45743,California
Santa Cruz,2/15/2021,1583,58241,280,17749,1303,40492,0,0,566,34416,1017,11894,567,46310,California
Santa Cruz,2/16/2021,1696,59937,206,17955,1490,41982,0,0,537,33815,1138,13032,537,46847,California
Santa Cruz,2/17/2021,2922,62859,976,18931,1946,43928,0,0,1221,33351,1688,14720,1224,48071,California
Santa Cruz,2/18/2021,2881,65740,639,19570,2242,46170,0,0,1230,32934,1647,16367,1230,49301,California
Santa Cruz,2/19/2021,3266,69006,1145,20715,2121,48291,0,0,2009,33688,1255,17622,2009,51310,California
Santa Cruz,2/20/2021,2386,71392,1499,22214,887,49178,0,0,1892,35086,494,18116,1892,53202,California
Santa Cruz,2/21/2021,826,72218,360,22574,466,49644,0,0,700,35662,124,18240,700,53902,California
Santa Cruz,2/22/2021,1258,73476,967,23541,291,49935,0,0,535,35476,721,18961,535,54437,California
Santa Cruz,2/23/2021,2097,75573,938,24479,1159,51094,0,0,708,34796,1388,20349,708,55145,California
Santa Cruz,2/24/2021,3182,78755,1664,26143,1518,52612,0,0,1203,34024,1975,22324,1203,56348,California
Santa Cruz,2/25/2021,3239,81994,1431,27574,1808,54420,0,0,1781,34354,1451,23775,1781,58129,California
Santa Cruz,2/26/2021,2721,84715,763,28337,1958,56378,0,0,1549,34737,1168,24943,1551,59680,California
Santa Cruz,2/27/2021,2635,87350,930,29267,1705,58083,0,0,1836,35775,798,25741,1836,61516,California
Santa Cruz,2/28/2021,1296,88646,359,29626,937,59020,0,0,1084,36650,209,25950,1084,62600,California
Santa Cruz,3/1/2021,1828,90474,1255,30881,573,59593,0,0,689,36203,1136,27086,689,63289,California
Santa Cruz,3/2/2021,1527,92001,357,31238,1170,60763,0,0,855,36391,670,27756,858,64147,California
Santa Cruz,3/3/2021,2345,94346,607,31845,1738,62501,0,0,1274,36597,1068,28824,1274,65421,California
Santa Cruz,3/4/2021,3007,97353,1406,33251,1600,64101,1,1,2023,37649,973,29797,2025,67446,California
Santa Cruz,3/5/2021,2601,99954,476,33727,2107,66208,18,19,1121,37311,1477,31274,1139,68585,California
Santa Cruz,3/6/2021,3869,103823,1346,35073,2418,68626,105,124,2157,37859,1712,32986,2260,70845,California
Santa Cruz,3/7/2021,1346,105169,128,35201,1144,69770,74,198,555,37698,790,33776,629,71474,California
Santa Cruz,3/8/2021,1080,106249,219,35420,732,70502,129,327,650,38048,429,34205,779,72253,California
Santa Cruz,3/9/2021,1772,108021,238,35658,1387,71889,147,474,700,37825,1070,35275,847,73100,California
Santa Cruz,3/10/2021,3859,111880,2089,37747,1621,73510,149,623,1996,38111,1861,37136,2147,75247,California
Santa Cruz,3/11/2021,2805,114685,1218,38965,1412,74922,175,798,1549,38582,1255,38391,1726,76973,California
Santa Cruz,3/12/2021,2755,117440,890,39855,1573,76495,292,1090,908,37937,1844,40235,1199,78172,California
Santa Cruz,3/13/2021,2309,119749,1333,41188,932,77427,44,1134,1177,38029,1130,41365,1222,79394,California
Santa Cruz,3/14/2021,902,120651,215,41403,673,78100,14,1148,440,38022,460,41825,453,79847,California
Santa Cruz,3/15/2021,1353,122004,484,41887,834,78934,35,1183,582,37872,768,42593,618,80465,California
Santa Cruz,3/16/2021,2318,124322,1088,42975,1189,80123,41,1224,1343,38283,972,43565,1383,81848,California
Santa Cruz,3/17/2021,3869,128191,2234,45209,1625,81748,10,1234,2523,39477,1342,44907,2536,84384,California
Santa Cruz,3/18/2021,3867,132058,2095,47304,1652,83400,120,1354,2071,39875,1793,46700,2191,86575,California
Santa Cruz,3/19/2021,3283,135341,1324,48628,1734,85134,225,1579,1656,40134,1622,48322,1881,88456,California
Santa Cruz,3/20/2021,2167,137508,1614,50242,516,85650,37,1616,1095,40197,1069,49391,1132,89588,California
Santa Cruz,3/21/2021,826,138334,438,50680,266,85916,122,1738,444,40384,380,49771,567,90155,California
Santa Cruz,3/22/2021,1372,139706,848,51528,502,86418,22,1760,941,40920,428,50199,964,91119,California
Santa Cruz,3/23/2021,2570,142276,1444,52972,1076,87494,50,1810,1717,41836,851,51050,1767,92886,California
Santa Cruz,3/24/2021,3019,145295,2030,55002,967,88461,22,1832,2000,42843,1014,52064,2021,94907,California
Santa Cruz,3/25/2021,2642,147937,1330,56332,1277,89738,35,1867,1358,42960,1276,53340,1393,96300,California
Santa Cruz,3/26/2021,3035,150972,1828,58160,1180,90918,27,1894,2063,44085,965,54305,2090,98390,California
Santa Cruz,3/27/2021,3238,154210,2014,60174,1199,92117,25,1919,1530,43944,1697,56002,1556,99946,California
Santa Cruz,3/28/2021,927,155137,569,60743,344,92461,14,1933,493,44022,429,56431,507,100453,California
Santa Cruz,3/29/2021,1957,157094,878,61621,1011,93472,68,2001,1258,44652,696,57127,1326,101779,California
Santa Cruz,3/30/2021,2706,159800,817,62438,1726,95198,163,2164,1735,45581,969,58096,1898,103677,California
Santa Cruz,3/31/2021,4062,163862,2722,65160,1292,96490,48,2212,2086,45743,1972,60068,2134,105811,California
Santa Cruz,4/1/2021,4021,167883,2152,67312,1762,98252,107,2319,2026,45886,1990,62058,2133,107944,California
Santa Cruz,4/2/2021,3145,171028,1427,68739,1536,99788,182,2501,1740,46408,1400,63458,1922,109866,California
Santa Cruz,4/3/2021,2260,173288,1234,69973,893,100681,133,2634,890,46063,1367,64825,1022,110888,California
Santa Cruz,4/4/2021,937,174225,492,70465,390,101071,55,2689,552,46285,385,65210,607,111495,California
Santa Cruz,4/5/2021,2263,176488,798,71263,1294,102365,171,2860,1394,46982,868,66078,1565,113060,California
Santa Cruz,4/6/2021,3378,179866,1670,72933,1328,103693,380,3240,1988,47967,1380,67458,2365,115425,California
Santa Cruz,4/7/2021,4148,184014,1636,74569,2150,105843,362,3602,1864,47912,2280,69738,2225,117650,California
Santa Cruz,4/8/2021,4266,188280,2350,76919,1402,107245,514,4116,2513,49192,1744,71482,3024,120674,California
Santa Cruz,4/9/2021,3580,191860,1522,78441,1657,108902,401,4517,1981,49981,1594,73076,2383,123057,California
Santa Cruz,4/10/2021,2261,194121,1101,79542,910,109812,250,4767,1077,50126,1181,74257,1326,124383,California
Santa Cruz,4/11/2021,1001,195122,527,80069,382,110194,92,4859,487,50191,514,74771,579,124962,California
Santa Cruz,4/12/2021,2304,197426,832,80901,1038,111232,434,5293,1103,50541,1186,75957,1536,126498,California
Santa Cruz,4/13/2021,2898,200324,1459,82360,1437,112669,2,5295,1632,50914,1261,77218,1634,128132,California
Santa Cruz,4/14/2021,4601,204925,2221,84581,2380,115049,0,5295,2382,51087,2210,79428,2383,130515,California
Santa Cruz,4/15/2021,4788,209713,2979,87560,1809,116858,0,5295,3136,52581,1642,81070,3136,133651,California
Santa Cruz,4/16/2021,4420,214133,2540,90100,1878,118736,2,5297,2468,53107,1945,83015,2471,136122,California
Santa Cruz,4/17/2021,2241,216374,893,90993,1348,120084,0,5297,1485,53837,755,83770,1485,137607,California
Santa Cruz,4/18/2021,1067,217441,507,91500,560,120644,0,5297,592,53956,473,84243,592,138199,California
Santa Cruz,4/19/2021,2423,219864,1515,93015,907,121551,1,5298,1496,54527,925,85168,1496,139695,California
Santa Cruz,4/20/2021,3115,222979,1693,94708,1422,122973,0,5298,1778,54979,1327,86495,1779,141474,California
Santa Cruz,4/21/2021,4094,227073,2809,97517,1285,124258,0,5298,2245,55391,1834,88329,2246,143720,California
Santa Cruz,4/22/2021,3813,230886,2641,100158,1172,125430,0,5298,2177,55940,1629,89958,2178,145898,California
Santa Cruz,4/23/2021,1709,232595,1127,101285,581,126011,1,5299,763,55760,944,90902,764,146662,California
Shasta,12/16/2020,131,131,131,131,0,0,0,0,131,131,0,0,131,131,California
Shasta,12/17/2020,417,548,417,548,0,0,0,0,417,548,0,0,417,548,California
Shasta,12/18/2020,166,714,166,714,0,0,0,0,166,714,0,0,166,714,California
Shasta,12/19/2020,1,715,1,715,0,0,0,0,1,715,0,0,1,715,California
Shasta,12/21/2020,80,795,80,795,0,0,0,0,80,795,0,0,80,795,California
Shasta,12/22/2020,191,986,186,981,5,5,0,0,191,986,0,0,191,986,California
Shasta,12/23/2020,174,1160,170,1151,4,9,0,0,174,1160,0,0,174,1160,California
Shasta,12/24/2020,18,1178,18,1169,0,9,0,0,18,1178,0,0,18,1178,California
Shasta,12/26/2020,4,1182,1,1170,3,12,0,0,4,1182,0,0,4,1182,California
Shasta,12/27/2020,1,1183,0,1170,1,13,0,0,1,1183,0,0,1,1183,California
Shasta,12/28/2020,40,1223,31,1201,9,22,0,0,40,1223,0,0,40,1223,California
Shasta,12/29/2020,186,1409,185,1386,1,23,0,0,186,1409,0,0,186,1409,California
Shasta,12/30/2020,178,1587,168,1554,10,33,0,0,178,1587,0,0,178,1587,California
Shasta,12/31/2020,83,1670,2,1556,81,114,0,0,83,1670,0,0,83,1670,California
Shasta,1/2/2021,2,1672,0,1556,2,116,0,0,2,1672,0,0,2,1672,California
Shasta,1/3/2021,1,1673,1,1557,0,116,0,0,1,1673,0,0,1,1673,California
Shasta,1/4/2021,347,2020,306,1863,41,157,0,0,348,2021,0,0,348,2021,California
Shasta,1/5/2021,335,2355,314,2177,21,178,0,0,254,2194,81,81,254,2275,California
Shasta,1/6/2021,437,2792,395,2572,42,220,0,0,175,2108,261,342,175,2450,California
Shasta,1/7/2021,116,2908,35,2607,81,301,0,0,95,2182,21,363,95,2545,California
Shasta,1/8/2021,507,3415,447,3054,60,361,0,0,299,2273,208,571,299,2844,California
Shasta,1/9/2021,72,3487,63,3117,9,370,0,0,70,2341,2,573,70,2914,California
Shasta,1/10/2021,5,3492,0,3117,5,375,0,0,4,2345,1,574,5,2919,California
Shasta,1/11/2021,353,3845,185,3302,168,543,0,0,317,2626,36,610,317,3236,California
Shasta,1/12/2021,444,4289,327,3629,117,660,0,0,270,2722,174,784,270,3506,California
Shasta,1/13/2021,541,4830,268,3897,273,933,0,0,371,2923,170,954,371,3877,California
Shasta,1/14/2021,453,5283,51,3948,402,1335,0,0,435,3340,18,972,435,4312,California
Shasta,1/15/2021,638,5921,136,4084,502,1837,0,0,636,3974,2,974,636,4948,California
Shasta,1/16/2021,898,6819,54,4138,844,2681,0,0,895,4866,3,977,895,5843,California
Shasta,1/17/2021,27,6846,6,4144,21,2702,0,0,23,4885,4,981,23,5866,California
Shasta,1/18/2021,598,7444,129,4273,469,3171,0,0,590,5467,8,989,590,6456,California
Shasta,1/19/2021,1018,8462,397,4670,621,3792,0,0,870,6189,148,1137,870,7326,California
Shasta,1/20/2021,677,9139,409,5079,268,4060,0,0,493,6503,179,1316,493,7819,California
Shasta,1/21/2021,630,9769,277,5356,353,4413,0,0,607,7087,23,1339,607,8426,California
Shasta,1/22/2021,446,10215,171,5527,275,4688,0,0,440,7521,6,1345,440,8866,California
Shasta,1/23/2021,68,10283,5,5532,63,4751,0,0,67,7587,1,1346,67,8933,California
Shasta,1/24/2021,25,10308,2,5534,23,4774,0,0,24,7610,1,1347,24,8957,California
Shasta,1/25/2021,750,11058,491,6025,259,5033,0,0,464,7789,285,1632,464,9421,California
Shasta,1/26/2021,708,11766,332,6357,376,5409,0,0,475,8033,231,1863,475,9896,California
Shasta,1/27/2021,459,12225,179,6536,280,5689,0,0,410,8394,49,1912,410,10306,California
Shasta,1/28/2021,855,13080,576,7112,279,5968,0,0,633,8805,222,2134,633,10939,California
Shasta,1/29/2021,831,13911,330,7442,501,6469,0,0,641,9257,190,2324,642,11581,California
Shasta,1/30/2021,616,14527,14,7456,602,7071,0,0,607,9855,9,2333,607,12188,California
Shasta,1/31/2021,28,14555,4,7460,24,7095,0,0,26,9879,2,2335,26,12214,California
Shasta,2/1/2021,510,15065,148,7608,362,7457,0,0,386,10141,124,2459,386,12600,California
Shasta,2/2/2021,938,16003,493,8101,445,7902,0,0,847,10899,89,2548,847,13447,California
Shasta,2/3/2021,676,16679,210,8311,466,8368,0,0,480,11183,196,2744,480,13927,California
Shasta,2/4/2021,1071,17750,663,8974,408,8776,0,0,880,11873,190,2934,880,14807,California
Shasta,2/5/2021,1221,18971,163,9137,1058,9834,0,0,1032,12717,188,3122,1032,15839,California
Shasta,2/6/2021,1728,20699,41,9178,1687,11521,0,0,1705,14399,23,3145,1705,17544,California
Shasta,2/7/2021,26,20725,3,9181,23,11544,0,0,24,14421,2,3147,24,17568,California
Shasta,2/8/2021,540,21265,167,9348,373,11917,0,0,303,14487,237,3384,303,17871,California
Shasta,2/9/2021,1026,22291,651,9999,375,12292,0,0,676,14813,350,3734,676,18547,California
Shasta,2/10/2021,1085,23376,782,10781,303,12595,0,0,595,14918,491,4225,596,19143,California
Shasta,2/11/2021,784,24160,186,10967,598,13193,0,0,303,14745,476,4701,303,19446,California
Shasta,2/12/2021,1662,25822,1141,12108,521,13714,0,0,1168,15419,494,5195,1168,20614,California
Shasta,2/13/2021,1383,27205,367,12475,1016,14730,0,0,571,15177,813,6008,571,21185,California
Shasta,2/14/2021,149,27354,4,12479,145,14875,0,0,125,15278,24,6032,125,21310,California
Shasta,2/15/2021,380,27734,90,12569,290,15165,0,0,211,15320,169,6201,211,21521,California
Shasta,2/16/2021,1086,28820,515,13084,571,15736,0,0,319,14873,766,6967,319,21840,California
Shasta,2/17/2021,994,29814,438,13522,556,16292,0,0,376,14631,618,7585,376,22216,California
Shasta,2/18/2021,875,30689,442,13964,433,16725,0,0,428,14612,447,8032,428,22644,California
Shasta,2/19/2021,1327,32016,935,14899,392,17117,0,0,859,15003,468,8500,859,23503,California
Shasta,2/20/2021,802,32818,89,14988,713,17830,0,0,303,14807,499,8999,303,23806,California
Shasta,2/21/2021,31,32849,2,14990,29,17859,0,0,9,14794,22,9021,9,23815,California
Shasta,2/22/2021,348,33197,74,15064,274,18133,0,0,99,14645,248,9269,99,23914,California
Shasta,2/23/2021,801,33998,466,15530,335,18468,0,0,216,14276,585,9854,216,24130,California
Shasta,2/24/2021,884,34882,503,16033,381,18849,0,0,270,13933,613,10467,270,24400,California
Shasta,2/25/2021,480,35362,159,16192,321,19170,0,0,159,13772,320,10787,159,24559,California
Shasta,2/26/2021,791,36153,95,16287,696,19866,0,0,331,13645,458,11245,331,24890,California
Shasta,2/27/2021,825,36978,27,16314,798,20664,0,0,186,13194,637,11882,186,25076,California
Shasta,2/28/2021,176,37154,4,16318,172,20836,0,0,126,13270,50,11932,126,25202,California
Shasta,3/1/2021,555,37709,59,16377,496,21332,0,0,266,13248,288,12220,266,25468,California
Shasta,3/2/2021,952,38661,465,16842,487,21819,0,0,268,12834,682,12902,268,25736,California
Shasta,3/3/2021,658,39319,164,17006,494,22313,0,0,241,12658,417,13319,241,25977,California
Shasta,3/4/2021,1057,40376,505,17511,552,22865,0,0,648,12899,408,13727,649,26626,California
Shasta,3/5/2021,988,41364,161,17672,798,23663,29,29,322,12583,667,14394,351,26977,California
Shasta,3/6/2021,845,42209,386,18058,412,24075,47,76,210,12205,635,15029,257,27234,California
Shasta,3/7/2021,91,42300,3,18061,56,24131,32,108,37,12220,54,15083,69,27303,California
Shasta,3/8/2021,558,42858,46,18107,373,24504,139,247,145,12093,411,15494,284,27587,California
Shasta,3/9/2021,624,43482,48,18155,398,24902,178,425,249,12144,375,15869,426,28013,California
Shasta,3/10/2021,797,44279,256,18411,339,25241,202,627,132,11813,664,16533,333,28346,California
Shasta,3/11/2021,1047,45326,173,18584,628,25869,246,873,646,12304,401,16934,892,29238,California
Shasta,3/12/2021,834,46160,173,18757,418,26287,243,1116,297,12306,536,17470,538,29776,California
Shasta,3/13/2021,757,46917,425,19182,232,26519,100,1216,474,12597,282,17752,573,30349,California
Shasta,3/14/2021,365,47282,8,19190,335,26854,22,1238,227,12708,138,17890,249,30598,California
Shasta,3/15/2021,495,47777,34,19224,361,27215,100,1338,209,12730,286,18176,308,30906,California
Shasta,3/16/2021,1084,48861,145,19369,872,28087,67,1405,806,13325,278,18454,873,31779,California
Shasta,3/17/2021,688,49549,190,19559,440,28527,58,1463,389,13479,293,18747,447,32226,California
Shasta,3/18/2021,1073,50622,236,19795,734,29261,103,1566,799,14111,270,19017,902,33128,California
Shasta,3/19/2021,630,51252,197,19992,378,29639,55,1621,398,14333,231,19248,453,33581,California
Shasta,3/20/2021,747,51999,490,20482,243,29882,14,1635,599,14798,148,19396,613,34194,California
Shasta,3/21/2021,312,52311,297,20779,4,29886,11,1646,286,15069,26,19422,297,34491,California
Shasta,3/22/2021,343,52654,37,20816,276,30162,30,1676,201,15159,141,19563,231,34722,California
Shasta,3/23/2021,816,53470,158,20974,600,30762,58,1734,625,15656,186,19749,683,35405,California
Shasta,3/24/2021,518,53988,156,21130,325,31087,37,1771,359,15894,158,19907,396,35801,California
Shasta,3/25/2021,780,54768,194,21324,569,31656,17,1788,637,16407,141,20048,654,36455,California
Shasta,3/26/2021,691,55459,261,21585,400,32056,30,1818,337,16421,354,20402,368,36823,California
Shasta,3/27/2021,1557,57016,405,21990,316,32372,836,2654,572,16843,983,21385,1405,38228,California
Shasta,3/28/2021,404,57420,299,22289,95,32467,10,2664,302,17055,100,21485,312,38540,California
Shasta,3/29/2021,416,57836,41,22330,363,32830,12,2676,162,16976,253,21738,174,38714,California
Shasta,3/30/2021,528,58364,186,22516,335,33165,7,2683,321,17100,204,21942,328,39042,California
Shasta,3/31/2021,622,58986,208,22724,409,33574,5,2688,389,17266,228,22170,394,39436,California
Shasta,4/1/2021,779,59765,245,22969,527,34101,7,2695,553,17600,226,22396,560,39996,California
Shasta,4/2/2021,748,60513,202,23171,494,34595,52,2747,413,17733,332,22728,465,40461,California
Shasta,4/3/2021,518,61031,366,23537,133,34728,19,2766,395,18024,123,22851,414,40875,California
Shasta,4/4/2021,292,61323,178,23715,94,34822,20,2786,218,18188,74,22925,238,41113,California
Shasta,4/5/2021,439,61762,67,23782,309,35131,63,2849,266,18344,173,23098,329,41442,California
Shasta,4/6/2021,719,62481,171,23953,377,35508,171,3020,277,18351,440,23538,447,41889,California
Shasta,4/7/2021,649,63130,211,24164,275,35783,163,3183,260,18390,384,23922,423,42312,California
Shasta,4/8/2021,1053,64183,260,24424,640,36423,153,3336,231,17954,820,24742,384,42696,California
Shasta,4/9/2021,2576,66759,2060,26484,307,36730,209,3545,2025,19639,547,25289,2232,44928,California
Shasta,4/10/2021,876,67635,594,27078,154,36884,128,3673,264,19419,612,25901,392,45320,California
Shasta,4/11/2021,450,68085,396,27474,34,36918,20,3693,141,19274,306,26207,161,45481,California
Shasta,4/12/2021,321,68406,8,27482,253,37171,60,3753,88,19189,232,26439,147,45628,California
Shasta,4/13/2021,979,69385,162,27644,816,37987,1,3754,231,18674,747,27186,232,45860,California
Shasta,4/14/2021,596,69981,143,27787,451,38438,2,3756,219,18519,376,27562,221,46081,California
Shasta,4/15/2021,978,70959,258,28045,720,39158,0,3756,292,18127,684,28246,292,46373,California
Shasta,4/16/2021,1261,72220,769,28814,492,39650,0,3756,847,18560,414,28660,847,47220,California
Shasta,4/17/2021,641,72861,410,29224,231,39881,0,3756,198,18315,443,29103,198,47418,California
Shasta,4/18/2021,266,73127,241,29465,25,39906,0,3756,33,18117,231,29334,33,47451,California
Shasta,4/19/2021,379,73506,31,29496,348,40254,0,3756,162,18062,217,29551,162,47613,California
Shasta,4/20/2021,917,74423,257,29753,660,40914,0,3756,293,17732,623,30174,293,47906,California
Shasta,4/21/2021,534,74957,214,29967,320,41234,0,3756,277,17752,257,30431,277,48183,California
Shasta,4/22/2021,796,75753,283,30250,513,41747,0,3756,267,17491,528,30959,267,48450,California
Shasta,4/23/2021,275,76028,116,30366,159,41906,0,3756,152,17520,123,31082,152,48602,California
Sierra,12/18/2020,1,1,1,1,0,0,0,0,1,1,0,0,1,1,California
Sierra,12/21/2020,2,3,2,3,0,0,0,0,2,3,0,0,2,3,California
Sierra,12/22/2020,12,15,12,15,0,0,0,0,12,15,0,0,12,15,California
Sierra,12/23/2020,4,19,4,19,0,0,0,0,4,19,0,0,4,19,California
Sierra,12/28/2020,1,20,0,19,1,1,0,0,1,20,0,0,1,20,California
Sierra,12/29/2020,49,69,7,26,42,43,0,0,49,69,0,0,49,69,California
Sierra,12/30/2020,2,71,0,26,2,45,0,0,2,71,0,0,2,71,California
Sierra,12/31/2020,13,84,0,26,13,58,0,0,13,84,0,0,13,84,California
Sierra,1/1/2021,1,85,1,27,0,58,0,0,1,85,0,0,1,85,California
Sierra,1/5/2021,64,149,2,29,62,120,0,0,64,149,0,0,64,149,California
Sierra,1/6/2021,1,150,1,30,0,120,0,0,1,150,0,0,1,150,California
Sierra,1/7/2021,21,171,1,31,20,140,0,0,20,169,1,1,20,170,California
Sierra,1/8/2021,1,172,1,32,0,140,0,0,1,170,0,1,1,171,California
Sierra,1/11/2021,3,175,3,35,0,140,0,0,0,167,3,4,0,171,California
Sierra,1/12/2021,40,215,12,47,28,168,0,0,28,183,12,16,28,199,California
Sierra,1/13/2021,4,219,3,50,1,169,0,0,1,181,3,19,1,200,California
Sierra,1/14/2021,35,254,2,52,33,202,0,0,35,216,0,19,35,235,California
Sierra,1/15/2021,3,257,1,53,2,204,0,0,3,219,0,19,3,238,California
Sierra,1/18/2021,2,259,0,53,2,206,0,0,2,221,0,19,2,240,California
Sierra,1/19/2021,32,291,0,53,32,238,0,0,32,253,0,19,32,272,California
Sierra,1/20/2021,1,292,1,54,0,238,0,0,1,254,0,19,1,273,California
Sierra,1/21/2021,53,345,0,54,53,291,0,0,53,307,0,19,53,326,California
Sierra,1/22/2021,2,347,0,54,2,293,0,0,2,309,0,19,2,328,California
Sierra,1/23/2021,2,349,0,54,2,295,0,0,2,311,0,19,2,330,California
Sierra,1/26/2021,62,411,0,54,62,357,0,0,24,297,38,57,24,354,California
Sierra,1/27/2021,4,415,4,58,0,357,0,0,0,293,4,61,0,354,California
Sierra,1/28/2021,53,468,0,58,53,410,0,0,43,326,10,71,43,397,California
Sierra,1/29/2021,2,470,0,58,2,412,0,0,2,328,0,71,2,399,California
Sierra,1/30/2021,3,473,3,61,0,412,0,0,2,329,1,72,2,401,California
Sierra,2/1/2021,1,474,0,61,1,413,0,0,0,328,1,73,0,401,California
Sierra,2/2/2021,58,532,1,62,57,470,0,0,19,308,39,112,19,420,California
Sierra,2/3/2021,6,538,5,67,1,471,0,0,5,312,1,113,5,425,California
Sierra,2/4/2021,105,643,6,73,99,570,0,0,56,319,49,162,56,481,California
Sierra,2/5/2021,6,649,4,77,2,572,0,0,5,323,1,163,5,486,California
Sierra,2/9/2021,51,700,0,77,51,623,0,0,48,368,3,166,48,534,California
Sierra,2/10/2021,5,705,2,79,3,626,0,0,4,371,1,167,4,538,California
Sierra,2/11/2021,196,901,1,80,195,821,0,0,134,443,62,229,134,672,California
Sierra,2/12/2021,21,922,0,80,21,842,0,0,20,462,1,230,20,692,California
Sierra,2/13/2021,1,923,1,81,0,842,0,0,1,463,0,230,1,693,California
Sierra,2/14/2021,1,924,0,81,1,843,0,0,1,464,0,230,1,694,California
Sierra,2/15/2021,2,926,2,83,0,843,0,0,0,462,2,232,0,694,California
Sierra,2/16/2021,43,969,0,83,43,886,0,0,10,439,33,265,10,704,California
Sierra,2/17/2021,4,973,0,83,4,890,0,0,1,437,3,268,1,705,California
Sierra,2/18/2021,141,1114,0,83,141,1031,0,0,91,478,50,318,91,796,California
Sierra,2/19/2021,2,1116,1,84,1,1032,0,0,1,478,1,319,1,797,California
Sierra,2/20/2021,2,1118,2,86,0,1032,0,0,0,476,2,321,0,797,California
Sierra,2/22/2021,1,1119,1,87,0,1032,0,0,1,477,0,321,1,798,California
Sierra,2/23/2021,4,1123,0,87,4,1036,0,0,4,481,0,321,4,802,California
Sierra,2/24/2021,4,1127,3,90,1,1037,0,0,3,483,1,322,3,805,California
Sierra,2/25/2021,125,1252,2,92,123,1160,0,0,58,475,66,388,58,863,California
Sierra,2/26/2021,11,1263,6,98,5,1165,0,0,4,472,7,395,4,867,California
Sierra,2/27/2021,2,1265,2,100,0,1165,0,0,0,470,2,397,0,867,California
Sierra,3/1/2021,2,1267,2,102,0,1165,0,0,0,468,2,399,0,867,California
Sierra,3/2/2021,56,1323,0,102,56,1221,0,0,38,488,18,417,38,905,California
Sierra,3/3/2021,2,1325,2,104,0,1221,0,0,1,488,1,418,1,906,California
Sierra,3/4/2021,108,1433,0,104,108,1329,0,0,58,496,50,468,58,964,California
Sierra,3/5/2021,13,1446,1,105,12,1341,0,0,11,505,2,470,11,975,California
Sierra,3/7/2021,1,1447,1,106,0,1341,0,0,0,504,1,471,0,975,California
Sierra,3/8/2021,2,1449,2,108,0,1341,0,0,2,506,0,471,2,977,California
Sierra,3/9/2021,56,1505,0,108,56,1397,0,0,12,474,44,515,12,989,California
Sierra,3/10/2021,6,1511,0,108,6,1403,0,0,4,476,2,517,4,993,California
Sierra,3/11/2021,175,1686,0,108,175,1578,0,0,43,388,131,648,43,1036,California
Sierra,3/12/2021,20,1706,1,109,19,1597,0,0,0,368,20,668,0,1036,California
Sierra,3/13/2021,28,1734,0,109,28,1625,0,0,28,396,0,668,28,1064,California
Sierra,3/14/2021,1,1735,0,109,0,1625,1,1,0,396,1,669,1,1065,California
Sierra,3/15/2021,2,1737,1,110,1,1626,0,1,0,394,2,671,0,1065,California
Sierra,3/16/2021,36,1773,0,110,35,1661,1,2,23,405,13,684,24,1089,California
Sierra,3/17/2021,4,1777,3,113,1,1662,0,2,1,403,3,687,1,1090,California
Sierra,3/18/2021,158,1935,0,113,158,1820,0,2,65,375,93,780,65,1155,California
Sierra,3/19/2021,4,1939,2,115,2,1822,0,2,1,373,3,783,1,1156,California
Sierra,3/20/2021,1,1940,0,115,1,1823,0,2,1,374,0,783,1,1157,California
Sierra,3/23/2021,22,1962,0,115,22,1845,0,2,13,378,9,792,13,1170,California
Sierra,3/24/2021,3,1965,1,116,2,1847,0,2,1,377,2,794,1,1171,California
Sierra,3/25/2021,100,2065,1,117,99,1946,0,2,51,379,49,843,51,1222,California
Sierra,3/26/2021,12,2077,1,118,11,1957,0,2,9,385,3,846,9,1231,California
Sierra,3/27/2021,2,2079,1,119,1,1958,0,2,0,383,2,848,0,1231,California
Sierra,3/29/2021,1,2080,1,120,0,1958,0,2,0,382,1,849,0,1231,California
Sierra,3/30/2021,55,2135,1,121,54,2012,0,2,22,371,33,882,22,1253,California
Sierra,3/31/2021,8,2143,0,121,8,2020,0,2,8,379,0,882,8,1261,California
Sierra,4/1/2021,60,2203,2,123,58,2078,0,2,6,331,54,936,6,1267,California
Sierra,4/2/2021,3,2206,2,125,1,2079,0,2,2,332,1,937,2,1269,California
Sierra,4/5/2021,1,2207,1,126,0,2079,0,2,1,333,0,937,1,1270,California
Sierra,4/6/2021,10,2217,0,126,10,2089,0,2,0,323,10,947,0,1270,California
Sierra,4/7/2021,15,2232,3,129,6,2095,6,8,3,321,11,958,9,1279,California
Sierra,4/8/2021,54,2286,2,131,52,2147,0,8,17,301,37,995,17,1296,California
Sierra,4/9/2021,2,2288,2,133,0,2147,0,8,1,301,1,996,1,1297,California
Sierra,4/10/2021,27,2315,0,133,27,2174,0,8,0,274,27,1023,0,1297,California
Sierra,4/13/2021,46,2361,0,133,46,2220,0,8,5,238,41,1064,5,1302,California
Sierra,4/14/2021,2,2363,1,134,1,2221,0,8,2,240,0,1064,2,1304,California
Sierra,4/15/2021,49,2412,1,135,48,2269,0,8,2,195,47,1111,2,1306,California
Sierra,4/16/2021,1,2413,0,135,1,2270,0,8,1,196,0,1111,1,1307,California
Sierra,4/17/2021,2,2415,1,136,1,2271,0,8,1,196,1,1112,1,1308,California
Sierra,4/19/2021,1,2416,1,137,0,2271,0,8,0,195,1,1113,0,1308,California
Sierra,4/20/2021,34,2450,1,138,33,2304,0,8,7,175,27,1140,7,1315,California
Sierra,4/21/2021,2,2452,1,139,1,2305,0,8,1,175,1,1141,1,1316,California
Sierra,4/22/2021,62,2514,0,139,62,2367,0,8,3,120,58,1199,3,1319,California
Sierra,4/23/2021,11,2525,0,139,11,2378,0,8,3,115,8,1207,3,1322,California
Siskiyou,12/16/2020,2,2,2,2,0,0,0,0,2,2,0,0,2,2,California
Siskiyou,12/17/2020,4,6,4,6,0,0,0,0,4,6,0,0,4,6,California
Siskiyou,12/18/2020,2,8,2,8,0,0,0,0,2,8,0,0,2,8,California
Siskiyou,12/19/2020,4,12,4,12,0,0,0,0,4,12,0,0,4,12,California
Siskiyou,12/20/2020,1,13,1,13,0,0,0,0,1,13,0,0,1,13,California
Siskiyou,12/21/2020,132,145,132,145,0,0,0,0,132,145,0,0,132,145,California
Siskiyou,12/22/2020,159,304,159,304,0,0,0,0,159,304,0,0,159,304,California
Siskiyou,12/23/2020,142,446,142,446,0,0,0,0,142,446,0,0,142,446,California
Siskiyou,12/24/2020,5,451,5,451,0,0,0,0,5,451,0,0,5,451,California
Siskiyou,12/26/2020,2,453,0,451,2,2,0,0,2,453,0,0,2,453,California
Siskiyou,12/27/2020,2,455,0,451,2,4,0,0,2,455,0,0,2,455,California
Siskiyou,12/28/2020,3,458,1,452,2,6,0,0,3,458,0,0,3,458,California
Siskiyou,12/29/2020,6,464,2,454,4,10,0,0,6,464,0,0,6,464,California
Siskiyou,12/30/2020,98,562,3,457,95,105,0,0,98,562,0,0,98,562,California
Siskiyou,12/31/2020,12,574,0,457,12,117,0,0,12,574,0,0,12,574,California
Siskiyou,1/2/2021,1,575,1,458,0,117,0,0,1,575,0,0,1,575,California
Siskiyou,1/3/2021,1,576,0,458,1,118,0,0,1,576,0,0,1,576,California
Siskiyou,1/4/2021,130,706,3,461,127,245,0,0,130,706,0,0,130,706,California
Siskiyou,1/5/2021,117,823,4,465,113,358,0,0,116,821,1,1,116,822,California
Siskiyou,1/6/2021,59,882,6,471,53,411,0,0,55,872,4,5,55,877,California
Siskiyou,1/7/2021,177,1059,4,475,173,584,0,0,176,1047,1,6,176,1053,California
Siskiyou,1/8/2021,41,1100,3,478,38,622,0,0,39,1084,2,8,39,1092,California
Siskiyou,1/9/2021,2,1102,2,480,0,622,0,0,0,1082,2,10,0,1092,California
Siskiyou,1/11/2021,226,1328,65,545,161,783,0,0,163,1182,63,73,163,1255,California
Siskiyou,1/12/2021,322,1650,274,819,48,831,0,0,88,1037,234,307,89,1344,California
Siskiyou,1/13/2021,157,1807,137,956,20,851,0,0,23,926,134,441,23,1367,California
Siskiyou,1/14/2021,26,1833,1,957,25,876,0,0,25,950,1,442,25,1392,California
Siskiyou,1/15/2021,35,1868,3,960,32,908,0,0,35,985,0,442,35,1427,California
Siskiyou,1/16/2021,7,1875,2,962,5,913,0,0,7,992,0,442,7,1434,California
Siskiyou,1/17/2021,1,1876,1,963,0,913,0,0,0,991,1,443,0,1434,California
Siskiyou,1/18/2021,76,1952,4,967,72,985,0,0,74,1063,2,445,74,1508,California
Siskiyou,1/19/2021,21,1973,1,968,20,1005,0,0,20,1082,1,446,20,1528,California
Siskiyou,1/20/2021,47,2020,35,1003,12,1017,0,0,43,1121,4,450,43,1571,California
Siskiyou,1/21/2021,42,2062,1,1004,41,1058,0,0,42,1163,0,450,42,1613,California
Siskiyou,1/22/2021,1329,3391,1177,2181,152,1210,0,0,1329,2492,0,450,1329,2942,California
Siskiyou,1/23/2021,5,3396,1,2182,4,1214,0,0,2,2491,3,453,2,2944,California
Siskiyou,1/25/2021,182,3578,8,2190,174,1388,0,0,178,2665,4,457,178,3122,California
Siskiyou,1/26/2021,148,3726,3,2193,145,1533,0,0,140,2797,8,465,140,3262,California
Siskiyou,1/27/2021,181,3907,1,2194,180,1713,0,0,126,2868,55,520,126,3388,California
Siskiyou,1/28/2021,232,4139,118,2312,114,1827,0,0,226,3088,6,526,226,3614,California
Siskiyou,1/29/2021,248,4387,2,2314,246,2073,0,0,246,3332,2,528,246,3860,California
Siskiyou,1/30/2021,3,4390,2,2316,1,2074,0,0,3,3335,0,528,3,3863,California
Siskiyou,2/1/2021,195,4585,3,2319,192,2266,0,0,105,3350,90,618,105,3968,California
Siskiyou,2/2/2021,289,4874,45,2364,244,2510,0,0,147,3355,142,760,147,4115,California
Siskiyou,2/3/2021,313,5187,1,2365,312,2822,0,0,264,3570,49,809,264,4379,California
Siskiyou,2/4/2021,320,5507,7,2372,313,3135,0,0,200,3650,120,929,200,4579,California
Siskiyou,2/5/2021,512,6019,4,2376,508,3643,0,0,347,3832,165,1094,347,4926,California
Siskiyou,2/6/2021,15,6034,0,2376,15,3658,0,0,15,3847,0,1094,15,4941,California
Siskiyou,2/7/2021,3,6037,2,2378,1,3659,0,0,3,3850,0,1094,3,4944,California
Siskiyou,2/8/2021,221,6258,5,2383,216,3875,0,0,216,4061,5,1099,216,5160,California
Siskiyou,2/9/2021,195,6453,3,2386,192,4067,0,0,162,4190,33,1132,162,5322,California
Siskiyou,2/10/2021,370,6823,40,2426,330,4397,0,0,316,4453,53,1185,316,5638,California
Siskiyou,2/11/2021,191,7014,1,2427,190,4587,0,0,175,4612,16,1201,175,5813,California
Siskiyou,2/12/2021,1692,8706,1200,3627,492,5079,0,0,501,3922,1191,2392,501,6314,California
Siskiyou,2/13/2021,36,8742,2,3629,34,5113,0,0,32,3950,4,2396,32,6346,California
Siskiyou,2/14/2021,5,8747,1,3630,4,5117,0,0,5,3955,0,2396,5,6351,California
Siskiyou,2/15/2021,107,8854,10,3640,97,5214,0,0,105,4058,2,2398,105,6456,California
Siskiyou,2/16/2021,114,8968,2,3642,112,5326,0,0,99,4142,15,2413,99,6555,California
Siskiyou,2/17/2021,184,9152,15,3657,169,5495,0,0,170,4298,14,2427,170,6725,California
Siskiyou,2/18/2021,221,9373,89,3746,132,5627,0,0,98,4273,123,2550,98,6823,California
Siskiyou,2/19/2021,70,9443,33,3779,37,5664,0,0,34,4271,36,2586,34,6857,California
Siskiyou,2/20/2021,21,9464,3,3782,18,5682,0,0,17,4284,4,2590,17,6874,California
Siskiyou,2/21/2021,1,9465,1,3783,0,5682,0,0,1,4285,0,2590,1,6875,California
Siskiyou,2/22/2021,124,9589,1,3784,123,5805,0,0,18,4197,106,2696,18,6893,California
Siskiyou,2/23/2021,195,9784,15,3799,180,5985,0,0,51,4104,144,2840,51,6944,California
Siskiyou,2/24/2021,147,9931,4,3803,143,6128,0,0,35,4027,112,2952,35,6979,California
Siskiyou,2/25/2021,300,10231,24,3827,276,6404,0,0,154,4035,146,3098,154,7133,California
Siskiyou,2/26/2021,667,10898,9,3836,658,7062,0,0,365,4098,302,3400,365,7498,California
Siskiyou,2/27/2021,33,10931,5,3841,28,7090,0,0,28,4121,5,3405,28,7526,California
Siskiyou,2/28/2021,5,10936,4,3845,1,7091,0,0,4,4124,1,3406,4,7530,California
Siskiyou,3/1/2021,280,11216,6,3851,274,7365,0,0,50,3944,230,3636,50,7580,California
Siskiyou,3/2/2021,190,11406,1,3852,189,7554,0,0,70,3894,120,3756,70,7650,California
Siskiyou,3/3/2021,343,11749,7,3859,336,7890,0,0,153,3857,190,3946,153,7803,California
Siskiyou,3/4/2021,771,12520,599,4458,172,8062,0,0,620,4326,151,4097,620,8423,California
Siskiyou,3/5/2021,322,12842,6,4464,305,8367,11,11,102,4222,217,4314,113,8536,California
Siskiyou,3/6/2021,36,12878,2,4466,27,8394,7,18,26,4245,10,4324,33,8569,California
Siskiyou,3/7/2021,12,12890,4,4470,0,8394,8,26,3,4247,9,4333,11,8580,California
Siskiyou,3/8/2021,361,13251,31,4501,295,8689,35,61,59,4039,302,4635,94,8674,California
Siskiyou,3/9/2021,162,13413,0,4501,109,8798,53,114,56,4042,106,4741,109,8783,California
Siskiyou,3/10/2021,221,13634,7,4508,184,8982,30,144,31,3913,190,4931,61,8844,California
Siskiyou,3/11/2021,469,14103,203,4711,219,9201,47,191,270,4032,198,5129,317,9161,California
Siskiyou,3/12/2021,637,14740,132,4843,466,9667,39,230,183,3802,452,5581,222,9383,California
Siskiyou,3/13/2021,428,15168,381,5224,24,9691,23,253,382,4161,46,5627,405,9788,California
Siskiyou,3/14/2021,21,15189,1,5225,4,9695,16,269,3,4162,18,5645,19,9807,California
Siskiyou,3/15/2021,453,15642,257,5482,176,9871,20,289,321,4371,132,5777,341,10148,California
Siskiyou,3/16/2021,255,15897,32,5514,206,10077,17,306,140,4414,114,5891,157,10305,California
Siskiyou,3/17/2021,200,16097,8,5522,184,10261,8,314,33,4288,167,6058,41,10346,California
Siskiyou,3/18/2021,925,17022,787,6309,126,10387,12,326,809,4993,116,6174,821,11167,California
Siskiyou,3/19/2021,66,17088,9,6318,44,10431,13,339,20,4980,46,6220,33,11200,California
Siskiyou,3/20/2021,30,17118,7,6325,18,10449,5,344,6,4967,24,6244,11,11211,California
Siskiyou,3/21/2021,10,17128,4,6329,1,10450,5,349,4,4970,6,6250,9,11220,California
Siskiyou,3/22/2021,207,17335,21,6350,164,10614,22,371,144,5076,60,6310,166,11386,California
Siskiyou,3/23/2021,195,17530,19,6369,166,10780,10,381,141,5173,54,6364,151,11537,California
Siskiyou,3/24/2021,141,17671,48,6417,93,10873,0,381,116,5264,25,6389,116,11653,California
Siskiyou,3/25/2021,568,18239,318,6735,247,11120,3,384,398,5495,170,6559,401,12054,California
Siskiyou,3/26/2021,294,18533,27,6762,267,11387,0,384,95,5393,197,6756,95,12149,California
Siskiyou,3/27/2021,37,18570,4,6766,28,11415,5,389,9,5379,28,6784,14,12163,California
Siskiyou,3/28/2021,7,18577,7,6773,0,11415,0,389,4,5380,3,6787,4,12167,California
Siskiyou,3/29/2021,98,18675,11,6784,85,11500,2,391,47,5379,50,6837,49,12216,California
Siskiyou,3/30/2021,98,18773,3,6787,94,11594,1,392,38,5358,60,6897,39,12255,California
Siskiyou,3/31/2021,189,18962,22,6809,165,11759,2,394,50,5273,138,7035,53,12308,California
Siskiyou,4/1/2021,824,19786,668,7477,156,11915,0,394,216,4881,608,7643,216,12524,California
Siskiyou,4/2/2021,343,20129,196,7673,143,12058,4,398,64,4671,278,7921,68,12592,California
Siskiyou,4/3/2021,25,20154,4,7677,14,12072,7,405,5,4663,20,7941,12,12604,California
Siskiyou,4/4/2021,2,20156,2,7679,0,12072,0,405,1,4663,1,7942,1,12605,California
Siskiyou,4/5/2021,436,20592,330,8009,79,12151,27,432,24,4303,411,8353,51,12656,California
Siskiyou,4/6/2021,215,20807,32,8041,130,12281,53,485,122,4385,92,8445,174,12830,California
Siskiyou,4/7/2021,115,20922,10,8051,63,12344,42,527,66,4444,49,8494,108,12938,California
Siskiyou,4/8/2021,346,21268,183,8234,122,12466,41,568,60,4259,286,8780,101,13039,California
Siskiyou,4/9/2021,543,21811,377,8611,129,12595,37,605,84,3923,458,9238,122,13161,California
Siskiyou,4/10/2021,45,21856,6,8617,2,12597,37,642,6,3927,39,9277,43,13204,California
Siskiyou,4/11/2021,7,21863,5,8622,0,12597,2,644,2,3926,5,9282,4,13208,California
Siskiyou,4/12/2021,129,21992,25,8647,103,12700,1,645,49,3896,80,9362,50,13258,California
Siskiyou,4/13/2021,204,22196,36,8683,167,12867,1,646,78,3849,126,9488,79,13337,California
Siskiyou,4/14/2021,158,22354,66,8749,92,12959,0,646,86,3865,70,9558,86,13423,California
Siskiyou,4/15/2021,1115,23469,955,9704,160,13119,0,646,437,3624,678,10236,437,13860,California
Siskiyou,4/16/2021,280,23749,190,9894,90,13209,0,646,257,3859,22,10258,257,14117,California
Siskiyou,4/17/2021,11,23760,8,9902,3,13212,0,646,8,3864,3,10261,8,14125,California
Siskiyou,4/18/2021,5,23765,3,9905,2,13214,0,646,2,3863,3,10264,2,14127,California
Siskiyou,4/19/2021,125,23890,22,9927,103,13317,0,646,43,3824,82,10346,43,14170,California
Siskiyou,4/20/2021,238,24128,4,9931,234,13551,0,646,95,3776,143,10489,95,14265,California
Siskiyou,4/21/2021,90,24218,12,9943,78,13629,0,646,24,3734,66,10555,24,14289,California
Siskiyou,4/22/2021,410,24628,299,10242,111,13740,0,646,49,3422,361,10916,49,14338,California
Siskiyou,4/23/2021,81,24709,11,10253,70,13810,0,646,77,3496,3,10919,77,14415,California
Solano,12/15/2020,4,4,4,4,0,0,0,0,4,4,0,0,4,4,California
Solano,12/16/2020,71,75,71,75,0,0,0,0,71,75,0,0,71,75,California
Solano,12/17/2020,152,227,152,227,0,0,0,0,152,227,0,0,152,227,California
Solano,12/18/2020,445,672,444,671,1,1,0,0,445,672,0,0,445,672,California
Solano,12/19/2020,516,1188,516,1187,0,1,0,0,516,1188,0,0,516,1188,California
Solano,12/20/2020,353,1541,352,1539,1,2,0,0,353,1541,0,0,353,1541,California
Solano,12/21/2020,573,2114,571,2110,2,4,0,0,573,2114,0,0,573,2114,California
Solano,12/22/2020,662,2776,629,2739,33,37,0,0,662,2776,0,0,662,2776,California
Solano,12/23/2020,858,3634,772,3511,86,123,0,0,857,3633,0,0,857,3633,California
Solano,12/24/2020,421,4055,170,3681,251,374,0,0,421,4054,0,0,421,4054,California
Solano,12/25/2020,10,4065,2,3683,8,382,0,0,10,4064,0,0,10,4064,California
Solano,12/26/2020,175,4240,48,3731,127,509,0,0,175,4239,0,0,175,4239,California
Solano,12/27/2020,104,4344,29,3760,75,584,0,0,104,4343,0,0,104,4343,California
Solano,12/28/2020,863,5207,421,4181,442,1026,0,0,863,5206,0,0,863,5206,California
Solano,12/29/2020,891,6098,374,4555,517,1543,0,0,891,6097,0,0,891,6097,California
Solano,12/30/2020,1210,7308,599,5154,611,2154,0,0,1210,7307,0,0,1210,7307,California
Solano,12/31/2020,534,7842,135,5289,399,2553,0,0,534,7841,0,0,534,7841,California
Solano,1/1/2021,13,7855,12,5301,1,2554,0,0,13,7854,0,0,13,7854,California
Solano,1/2/2021,212,8067,164,5465,48,2602,0,0,212,8066,0,0,212,8066,California
Solano,1/3/2021,58,8125,41,5506,17,2619,0,0,53,8119,0,0,53,8119,California
Solano,1/4/2021,449,8574,245,5751,204,2823,0,0,439,8555,3,3,439,8558,California
Solano,1/5/2021,695,9269,377,6128,318,3141,0,0,541,8947,149,152,541,9099,California
Solano,1/6/2021,822,10091,436,6564,386,3527,0,0,560,9247,260,412,560,9659,California
Solano,1/7/2021,1055,11146,683,7247,372,3899,0,0,599,9393,454,866,600,10259,California
Solano,1/8/2021,1129,12275,774,8021,355,4254,0,0,537,9358,574,1440,539,10798,California
Solano,1/9/2021,885,13160,763,8784,122,4376,0,0,428,9332,454,1894,428,11226,California
Solano,1/10/2021,254,13414,194,8978,60,4436,0,0,153,9384,101,1995,153,11379,California
Solano,1/11/2021,1326,14740,1116,10094,210,4646,0,0,810,9678,516,2511,810,12189,California
Solano,1/12/2021,1560,16300,1164,11258,396,5042,0,0,1012,10144,547,3058,1013,13202,California
Solano,1/13/2021,1461,17761,1004,12262,457,5499,0,0,1201,11087,258,3316,1201,14403,California
Solano,1/14/2021,1869,19630,798,13060,1071,6570,0,0,1555,12328,314,3630,1555,15958,California
Solano,1/15/2021,1684,21314,1054,14114,630,7200,0,0,1386,13416,298,3928,1386,17344,California
Solano,1/16/2021,1289,22603,903,15017,386,7586,0,0,1114,14355,175,4103,1114,18458,California
Solano,1/17/2021,1041,23644,760,15777,281,7867,0,0,1024,15362,17,4120,1024,19482,California
Solano,1/18/2021,1407,25051,857,16634,550,8417,0,0,1288,16533,119,4239,1290,20772,California
Solano,1/19/2021,1641,26692,1336,17970,305,8722,0,0,1370,17633,270,4509,1370,22142,California
Solano,1/20/2021,2027,28719,1417,19387,610,9332,0,0,1544,18697,480,4989,1544,23686,California
Solano,1/21/2021,3144,31863,999,20386,2145,11477,0,0,2801,21156,343,5332,2802,26488,California
Solano,1/22/2021,1750,33613,842,21228,908,12385,0,0,1560,22526,190,5522,1560,28048,California
Solano,1/23/2021,732,34345,238,21466,494,12879,0,0,529,22852,204,5726,530,28578,California
Solano,1/24/2021,401,34746,60,21526,341,13220,0,0,335,23121,66,5792,335,28913,California
Solano,1/25/2021,1635,36381,622,22148,1013,14233,0,0,1086,23659,549,6341,1087,30000,California
Solano,1/26/2021,1770,38151,736,22884,1034,15267,0,0,1140,24171,629,6970,1141,31141,California
Solano,1/27/2021,1770,39921,726,23610,1044,16311,0,0,1177,24768,580,7550,1177,32318,California
Solano,1/28/2021,1898,41819,702,24312,1196,17507,0,0,1308,25488,589,8139,1309,33627,California
Solano,1/29/2021,1696,43515,782,25094,914,18421,0,0,1344,26482,350,8489,1344,34971,California
Solano,1/30/2021,710,44225,220,25314,490,18911,0,0,549,26870,161,8650,549,35520,California
Solano,1/31/2021,486,44711,394,25708,92,19003,0,0,231,26847,255,8905,232,35752,California
Solano,2/1/2021,1498,46209,979,26687,519,19522,0,0,760,26871,736,9641,760,36512,California
Solano,2/2/2021,3317,49526,1111,27798,2206,21728,0,0,2521,28600,792,10433,2521,39033,California
Solano,2/3/2021,2241,51767,1303,29101,938,22666,0,0,1163,28689,1074,11507,1163,40196,California
Solano,2/4/2021,1761,53528,907,30008,854,23520,0,0,1049,29031,707,12214,1049,41245,California
Solano,2/5/2021,3063,56591,1406,31414,1657,25177,0,0,2072,30121,982,13196,2072,43317,California
Solano,2/6/2021,3044,59635,1169,32583,1875,27052,0,0,2229,31538,812,14008,2229,45546,California
Solano,2/7/2021,848,60483,784,33367,64,27116,0,0,232,31154,616,14624,232,45778,California
Solano,2/8/2021,1712,62195,1232,34599,480,27596,0,0,681,30806,1029,15653,681,46459,California
Solano,2/9/2021,1897,64092,1468,36067,429,28025,0,0,675,30260,1221,16874,675,47134,California
Solano,2/10/2021,2254,66346,1496,37563,758,28783,0,0,828,29662,1426,18300,828,47962,California
Solano,2/11/2021,2444,68790,1439,39002,1005,29788,0,0,1166,29560,1268,19568,1166,49128,California
Solano,2/12/2021,4135,72925,1597,40599,2538,32326,0,0,2825,31082,1303,20871,2825,51953,California
Solano,2/13/2021,2816,75741,243,40842,2573,34899,0,0,2431,33131,382,21253,2431,54384,California
Solano,2/14/2021,690,76431,201,41043,489,35388,0,0,412,33267,276,21529,412,54796,California
Solano,2/15/2021,1294,77725,323,41366,971,36359,0,0,671,33316,622,22151,671,55467,California
Solano,2/16/2021,2395,80120,1230,42596,1165,37524,0,0,1629,34180,765,22916,1629,57096,California
Solano,2/17/2021,2705,82825,1221,43817,1484,39008,0,0,1913,35305,789,23705,1914,59010,California
Solano,2/18/2021,2587,85412,700,44517,1887,40895,0,0,809,34344,1771,25476,810,59820,California
Solano,2/19/2021,2213,87625,1266,45783,947,41842,0,0,1132,34401,1077,26553,1134,60954,California
Solano,2/20/2021,2544,90169,381,46164,2163,44005,0,0,2073,36002,472,27025,2073,63027,California
Solano,2/21/2021,2139,92308,1860,48024,279,44284,0,0,1856,37578,280,27305,1856,64883,California
Solano,2/22/2021,1576,93884,911,48935,665,44949,0,0,814,37632,761,28066,815,65698,California
Solano,2/23/2021,2735,96619,1001,49936,1734,46683,0,0,1862,38624,870,28936,1862,67560,California
Solano,2/24/2021,2361,98980,1132,51068,1229,47912,0,0,1331,38927,1028,29964,1331,68891,California
Solano,2/25/2021,2290,101270,1347,52415,943,48855,0,0,1261,39165,1023,30987,1261,70152,California
Solano,2/26/2021,2704,103974,1598,54013,1106,49961,0,0,1448,39363,1250,32237,1448,71600,California
Solano,2/27/2021,3643,107617,1374,55387,2268,52229,1,1,2952,41633,683,32920,2953,74553,California
Solano,2/28/2021,1353,108970,1039,56426,314,52543,0,1,1079,42441,271,33191,1079,75632,California
Solano,3/1/2021,2411,111381,1051,57477,1360,53903,0,1,1809,43653,597,33788,1809,77441,California
Solano,3/2/2021,1996,113377,1245,58722,751,54654,0,1,1231,44119,765,34553,1231,78672,California
Solano,3/3/2021,2155,115532,1207,59929,948,55602,0,1,1344,44659,804,35357,1344,80016,California
Solano,3/4/2021,4244,119776,3310,63239,932,56534,2,3,3152,46730,1086,36443,3157,83173,California
Solano,3/5/2021,4827,124603,1609,64848,3214,59748,4,7,3912,49741,905,37348,3916,87089,California
Solano,3/6/2021,3776,128379,825,65673,2912,62660,39,46,2599,51211,1168,38516,2638,89727,California
Solano,3/7/2021,3464,131843,733,66406,2721,65381,10,56,1908,51583,1547,40063,1919,91646,California
Solano,3/8/2021,1607,133450,815,67221,521,65902,271,327,1095,52439,509,40572,1365,93011,California
Solano,3/9/2021,2956,136406,1341,68562,1563,67465,52,379,2121,53774,835,41407,2170,95181,California
Solano,3/10/2021,2207,138613,1559,70121,562,68027,86,465,1110,53874,1093,42500,1193,96374,California
Solano,3/11/2021,5655,144268,1409,71530,3992,72019,254,719,4618,57710,1036,43536,4872,101246,California
Solano,3/12/2021,5768,150036,1392,72922,4203,76222,173,892,3021,58161,2743,46279,3194,104440,California
Solano,3/13/2021,4571,154607,805,73727,3682,79904,84,976,2241,58165,2323,48602,2327,106767,California
Solano,3/14/2021,3984,158591,3107,76834,424,80328,453,1429,1651,57937,2329,50931,2101,108868,California
Solano,3/15/2021,3825,162416,2272,79106,1237,81565,316,1745,2447,59329,1371,52302,2763,111631,California
Solano,3/16/2021,2871,165287,1141,80247,1495,83060,235,1980,1441,59579,1425,53727,1675,113306,California
Solano,3/17/2021,6008,171295,1483,81730,4435,87495,90,2070,4656,62978,1347,55074,4746,118052,California
Solano,3/18/2021,5000,176295,1675,83405,3288,90783,37,2107,3693,65408,1299,56373,3729,121781,California
Solano,3/19/2021,2787,179082,1877,85282,837,91620,73,2180,1514,65728,1268,57641,1588,123369,California
Solano,3/20/2021,5454,184536,1662,86944,3738,95358,54,2234,2797,65933,2646,60287,2851,126220,California
Solano,3/21/2021,1666,186202,1565,88509,77,95435,24,2258,853,65997,811,61098,875,127095,California
Solano,3/22/2021,2418,188620,1797,90306,572,96007,49,2307,1458,66547,954,62052,1504,128599,California
Solano,3/23/2021,3314,191934,1489,91795,1783,97790,42,2349,1356,65991,1954,64006,1398,129997,California
Solano,3/24/2021,2681,194615,1637,93432,1010,98800,34,2383,1266,65882,1409,65415,1300,131297,California
Solano,3/25/2021,4544,199159,3675,97107,834,99634,35,2418,2003,65384,2537,67952,2039,133336,California
Solano,3/26/2021,3031,202190,1917,99024,1078,100712,36,2454,1622,65642,1400,69352,1658,134994,California
Solano,3/27/2021,4174,206364,1147,100171,2991,103703,36,2490,1796,65102,2372,71724,1832,136826,California
Solano,3/28/2021,1410,207774,1100,101271,292,103995,18,2508,567,64849,839,72563,586,137412,California
Solano,3/29/2021,2864,210638,1496,102767,1352,105347,16,2524,1485,64977,1373,73936,1501,138913,California
Solano,3/30/2021,2789,213427,1824,104591,878,106225,87,2611,1736,65749,1051,74987,1823,140736,California
Solano,3/31/2021,2926,216353,1933,106524,835,107060,158,2769,1687,66356,1236,76223,1843,142579,California
Solano,4/1/2021,5081,221434,1685,108209,3252,110312,144,2913,3412,68254,1658,77881,3556,146135,California
Solano,4/2/2021,5938,227372,1687,109896,4088,114400,163,3076,2442,67381,3477,81358,2604,148739,California
Solano,4/3/2021,1510,228882,955,110851,403,114803,152,3228,550,67125,958,82316,702,149441,California
Solano,4/4/2021,777,229659,287,111138,189,114992,301,3529,239,67131,534,82850,540,149981,California
Solano,4/5/2021,2826,232485,1886,113024,734,115726,206,3735,1395,67301,1430,84280,1600,151581,California
Solano,4/6/2021,5358,237843,1388,114412,3480,119206,490,4225,1539,65515,3815,88095,2029,153610,California
Solano,4/7/2021,5047,242890,3731,118143,923,120129,393,4618,2910,66687,2130,90225,3302,156912,California
Solano,4/8/2021,5728,248618,1550,119693,3322,123451,856,5474,1606,65039,4105,94330,2457,159369,California
Solano,4/9/2021,5713,254331,1460,121153,3487,126938,766,6240,1400,62909,4296,98626,2166,161535,California
Solano,4/10/2021,1699,256030,944,122097,444,127382,311,6551,789,63100,909,99535,1100,162635,California
Solano,4/11/2021,1172,257202,741,122838,304,127686,127,6678,608,63274,561,100096,735,163370,California
Solano,4/12/2021,3235,260437,1661,124499,1215,128901,359,7037,1489,63380,1741,101837,1847,165217,California
Solano,4/13/2021,2518,262955,1089,125588,1428,130329,1,7038,1315,63497,1199,103036,1316,166533,California
Solano,4/14/2021,5877,268832,1737,127325,4140,134469,0,7038,1848,61329,4016,107052,1848,168381,California
Solano,4/15/2021,5035,273867,1838,129163,3197,137666,0,7038,1616,59534,3411,110463,1616,169997,California
Solano,4/16/2021,3468,277335,2390,131553,1076,138742,2,7040,2242,60557,1221,111684,2244,172241,California
Solano,4/17/2021,2308,279643,1053,132606,1255,139997,0,7040,1034,60323,1268,112952,1034,173275,California
Solano,4/18/2021,991,280634,596,133202,395,140392,0,7040,528,60389,462,113414,528,173803,California
Solano,4/19/2021,2031,282665,1142,134344,889,141281,0,7040,1124,60613,902,114316,1126,174929,California
Solano,4/20/2021,2840,285505,1681,136025,1159,142440,0,7040,1669,61113,1169,115485,1669,176598,California
Solano,4/21/2021,3062,288567,1921,137946,1141,143581,0,7040,1625,61306,1432,116917,1625,178223,California
Solano,4/22/2021,1895,290462,847,138793,1048,144629,0,7040,1032,61477,861,117778,1032,179255,California
Solano,4/23/2021,754,291216,257,139050,497,145126,0,7040,393,61512,358,118136,393,179648,California
Sonoma,12/15/2020,4,4,4,4,0,0,0,0,4,4,0,0,4,4,California
Sonoma,12/16/2020,27,31,27,31,0,0,0,0,27,31,0,0,27,31,California
Sonoma,12/17/2020,103,134,103,134,0,0,0,0,103,134,0,0,103,134,California
Sonoma,12/18/2020,421,555,421,555,0,0,0,0,421,555,0,0,421,555,California
Sonoma,12/19/2020,111,666,110,665,1,1,0,0,111,666,0,0,111,666,California
Sonoma,12/20/2020,174,840,174,839,0,1,0,0,174,840,0,0,174,840,California
Sonoma,12/21/2020,910,1750,908,1747,2,3,0,0,909,1749,0,0,909,1749,California
Sonoma,12/22/2020,1356,3106,1264,3011,92,95,0,0,1356,3105,0,0,1356,3105,California
Sonoma,12/23/2020,1605,4711,1229,4240,376,471,0,0,1606,4711,0,0,1606,4711,California
Sonoma,12/24/2020,305,5016,101,4341,204,675,0,0,305,5016,0,0,305,5016,California
Sonoma,12/25/2020,8,5024,2,4343,6,681,0,0,8,5024,0,0,8,5024,California
Sonoma,12/26/2020,266,5290,255,4598,11,692,0,0,266,5290,0,0,266,5290,California
Sonoma,12/27/2020,93,5383,80,4678,13,705,0,0,93,5383,0,0,93,5383,California
Sonoma,12/28/2020,987,6370,552,5230,435,1140,0,0,959,6342,0,0,959,6342,California
Sonoma,12/29/2020,1129,7499,776,6006,353,1493,0,0,1095,7437,0,0,1095,7437,California
Sonoma,12/30/2020,1093,8592,479,6485,614,2107,0,0,1085,8522,0,0,1085,8522,California
Sonoma,12/31/2020,518,9110,71,6556,447,2554,0,0,519,9041,0,0,519,9041,California
Sonoma,1/1/2021,10,9120,5,6561,5,2559,0,0,10,9051,0,0,10,9051,California
Sonoma,1/2/2021,132,9252,126,6687,6,2565,0,0,132,9183,0,0,132,9183,California
Sonoma,1/3/2021,25,9277,11,6698,14,2579,0,0,25,9208,0,0,25,9208,California
Sonoma,1/4/2021,340,9617,105,6803,235,2814,0,0,339,9547,0,0,339,9547,California
Sonoma,1/5/2021,437,10054,102,6905,335,3149,0,0,413,9945,15,15,413,9960,California
Sonoma,1/6/2021,948,11002,434,7339,514,3663,0,0,836,10676,105,120,836,10796,California
Sonoma,1/7/2021,1028,12030,535,7874,493,4156,0,0,858,11365,169,289,858,11654,California
Sonoma,1/8/2021,1784,13814,1228,9102,556,4712,0,0,1313,12209,469,758,1313,12967,California
Sonoma,1/9/2021,637,14451,400,9502,237,4949,0,0,589,12750,48,806,589,13556,California
Sonoma,1/10/2021,472,14923,461,9963,11,4960,0,0,279,12836,193,999,279,13835,California
Sonoma,1/11/2021,1381,16304,1235,11198,146,5106,0,0,413,12285,964,1963,413,14248,California
Sonoma,1/12/2021,1547,17851,1294,12492,253,5359,0,0,395,11530,1150,3113,395,14643,California
Sonoma,1/13/2021,2070,19921,1426,13918,644,6003,0,0,1208,11879,859,3972,1208,15851,California
Sonoma,1/14/2021,1530,21451,808,14726,722,6725,0,0,1300,12949,230,4202,1300,17151,California
Sonoma,1/15/2021,1563,23014,634,15360,929,7654,0,0,1343,14082,211,4413,1344,18495,California
Sonoma,1/16/2021,1144,24158,615,15975,529,8183,0,0,899,14740,241,4654,899,19394,California
Sonoma,1/17/2021,668,24826,548,16523,120,8303,0,0,587,15246,81,4735,587,19981,California
Sonoma,1/18/2021,1105,25931,932,17455,173,8476,0,0,614,15370,491,5226,615,20596,California
Sonoma,1/19/2021,2093,28024,1004,18459,1089,9565,0,0,1384,16048,707,5933,1385,21981,California
Sonoma,1/20/2021,2073,30097,624,19083,1449,11014,0,0,1412,16809,652,6585,1413,23394,California
Sonoma,1/21/2021,2231,32328,619,19702,1612,12626,0,0,2012,18605,217,6802,2013,25407,California
Sonoma,1/22/2021,2724,35052,1034,20736,1690,14316,0,0,2576,21034,147,6949,2576,27983,California
Sonoma,1/23/2021,767,35819,592,21328,175,14491,0,0,660,21588,106,7055,660,28643,California
Sonoma,1/24/2021,850,36669,714,22042,136,14627,0,0,834,22406,16,7071,834,29477,California
Sonoma,1/25/2021,2171,38840,520,22562,1651,16278,0,0,1684,23603,487,7558,1684,31161,California
Sonoma,1/26/2021,2008,40848,295,22857,1713,17991,0,0,1552,24700,455,8013,1552,32713,California
Sonoma,1/27/2021,3693,44541,1277,24134,2416,20407,0,0,3120,27252,571,8584,3123,35836,California
Sonoma,1/28/2021,4112,48653,1843,25977,2269,22676,0,0,3442,30029,667,9251,3444,39280,California
Sonoma,1/29/2021,2961,51614,1408,27385,1553,24229,0,0,2129,31329,830,10081,2130,41410,California
Sonoma,1/30/2021,2575,54189,2387,29772,188,24417,0,0,2241,33237,334,10415,2242,43652,California
Sonoma,1/31/2021,775,54964,663,30435,112,24529,0,0,577,33617,197,10612,577,44229,California
Sonoma,2/1/2021,2500,57464,881,31316,1619,26148,0,0,2096,35311,402,11014,2096,46325,California
Sonoma,2/2/2021,3444,60908,1366,32682,2078,28226,0,0,2879,37627,563,11577,2879,49204,California
Sonoma,2/3/2021,4027,64935,1322,34004,2705,30931,0,0,3099,39800,926,12503,3099,52303,California
Sonoma,2/4/2021,4190,69125,1704,35708,2486,33417,0,0,3414,42440,774,13277,3414,55717,California
Sonoma,2/5/2021,4802,73927,1732,37440,3070,36487,0,0,3789,45221,1009,14286,3790,59507,California
Sonoma,2/6/2021,2654,76581,2294,39734,360,36847,0,0,2096,46760,557,14843,2096,61603,California
Sonoma,2/7/2021,1530,78111,1396,41130,134,36981,0,0,1280,47790,250,15093,1280,62883,California
Sonoma,2/8/2021,3251,81362,1032,42162,2219,39200,0,0,2671,49882,579,15672,2671,65554,California
Sonoma,2/9/2021,3551,84913,1695,43857,1856,41056,0,0,3072,52478,477,16149,3073,68627,California
Sonoma,2/10/2021,4403,89316,2360,46217,2043,43099,0,0,3371,54824,1026,17175,3372,71999,California
Sonoma,2/11/2021,5332,94648,2785,49002,2547,45646,0,0,4157,57808,1173,18348,4157,76156,California
Sonoma,2/12/2021,5625,100273,2972,51974,2653,48299,0,0,4211,60612,1410,19758,4214,80370,California
Sonoma,2/13/2021,1983,102256,1152,53126,831,49130,0,0,1205,61042,775,20533,1205,81575,California
Sonoma,2/14/2021,2316,104572,1821,54947,495,49625,0,0,1570,61867,745,21278,1570,83145,California
Sonoma,2/15/2021,2133,106705,787,55734,1346,50971,0,0,1605,62945,527,21805,1605,84750,California
Sonoma,2/16/2021,4609,111314,2048,57782,2561,53532,0,0,3361,65062,1244,23049,3361,88111,California
Sonoma,2/17/2021,5318,116632,2886,60668,2432,55964,0,0,3327,66407,1983,25032,3328,91439,California
Sonoma,2/18/2021,6778,123410,2999,63667,3779,59743,0,0,3873,67383,2897,27929,3873,95312,California
Sonoma,2/19/2021,5363,128773,1658,65325,3705,63448,0,0,3273,68572,2085,30014,3274,98586,California
Sonoma,2/20/2021,3103,131876,2822,68147,281,63729,0,0,1223,67921,1874,31888,1223,99809,California
Sonoma,2/21/2021,516,132392,412,68559,104,63833,0,0,128,67664,385,32273,128,99937,California
Sonoma,2/22/2021,2714,135106,1353,69912,1361,65194,0,0,1042,67039,1667,33940,1042,100979,California
Sonoma,2/23/2021,3094,138200,2067,71979,1027,66221,0,0,1351,66651,1739,35679,1351,102330,California
Sonoma,2/24/2021,5448,143648,2536,74515,2912,69133,0,0,2730,66670,2713,38392,2732,105062,California
Sonoma,2/25/2021,5647,149295,2226,76741,3421,72554,0,0,2973,66990,2653,41045,2973,108035,California
Sonoma,2/26/2021,6015,155310,2744,79485,3271,75825,0,0,3743,68466,2267,43312,3743,111778,California
Sonoma,2/27/2021,3998,159308,1902,81387,2096,77921,0,0,2663,69796,1333,44645,2663,114441,California
Sonoma,2/28/2021,2329,161637,1845,83232,484,78405,0,0,612,68697,1711,46356,612,115053,California
Sonoma,3/1/2021,3659,165296,1126,84358,2533,80938,0,0,1810,68668,1840,48196,1811,116864,California
Sonoma,3/2/2021,4209,169505,1462,85820,2747,83685,0,0,2479,69425,1722,49918,2479,119343,California
Sonoma,3/3/2021,4833,174338,2509,88329,2324,86009,0,0,2246,69091,2580,52498,2246,121589,California
Sonoma,3/4/2021,5678,180016,2437,90766,3241,89250,0,0,2562,68551,3102,55600,2562,124151,California
Sonoma,3/5/2021,6154,186170,2548,93314,3591,92841,15,15,2701,67828,3440,59040,2717,126868,California
Sonoma,3/6/2021,2753,188923,1207,94521,1412,94253,134,149,1891,68996,856,59896,2024,128892,California
Sonoma,3/7/2021,1681,190604,1393,95914,253,94506,35,184,356,68064,1323,61219,391,129283,California
Sonoma,3/8/2021,3879,194483,652,96566,3053,97559,174,358,2215,68797,1654,62873,2387,131670,California
Sonoma,3/9/2021,5431,199914,2999,99565,2191,99750,241,599,2681,68976,2743,65616,2922,134592,California
Sonoma,3/10/2021,5927,205841,3164,102729,2438,102188,325,924,2394,68174,3520,69136,2718,137310,California
Sonoma,3/11/2021,7490,213331,2974,105703,3695,105883,821,1745,2649,66810,4833,73969,3469,140779,California
Sonoma,3/12/2021,7386,220717,2259,107962,3765,109648,1362,3107,2102,65005,5265,79234,3460,144239,California
Sonoma,3/13/2021,3239,223956,1541,109503,1462,111110,236,3343,1844,65688,1394,80628,2077,146316,California
Sonoma,3/14/2021,1374,225330,381,109884,852,111962,141,3484,847,66151,524,81152,987,147303,California
Sonoma,3/15/2021,5212,230542,1496,111380,3331,115293,385,3869,2191,65713,3013,84165,2575,149878,California
Sonoma,3/16/2021,6261,236803,2231,113611,3798,119091,232,4101,3166,66020,3090,87255,3397,153275,California
Sonoma,3/17/2021,6732,243535,3519,117130,3033,122124,180,4281,3535,66547,3188,90443,3715,156990,California
Sonoma,3/18/2021,7096,250631,2929,120059,3557,125681,610,4891,3176,66416,3914,94357,3783,160773,California
Sonoma,3/19/2021,7472,258103,3227,123286,4014,129695,231,5122,3317,65832,4136,98493,3552,164325,California
Sonoma,3/20/2021,3629,261732,1744,125030,1054,130749,831,5953,1971,66980,1651,100144,2799,167124,California
Sonoma,3/21/2021,1376,263108,600,125630,743,131492,33,5986,1211,68061,163,100307,1244,168368,California
Sonoma,3/22/2021,4483,267591,3083,128713,1300,132792,100,6086,3540,70762,940,101247,3641,172009,California
Sonoma,3/23/2021,5787,273378,3598,132311,2113,134905,76,6162,4664,74387,1115,102362,4740,176749,California
Sonoma,3/24/2021,6583,279961,4263,136574,2255,137160,65,6227,4151,76187,2415,104777,4215,180964,California
Sonoma,3/25/2021,6964,286925,4189,140763,2670,139830,105,6332,4337,78025,2605,107382,4443,185407,California
Sonoma,3/26/2021,7255,294180,3441,144204,3726,143556,88,6420,4007,78886,3234,110616,4095,189502,California
Sonoma,3/27/2021,3782,297962,1498,145702,1923,145479,361,6781,1124,77720,2651,113267,1485,190987,California
Sonoma,3/28/2021,1502,299464,946,146648,529,146008,27,6808,944,78135,556,113823,971,191958,California
Sonoma,3/29/2021,2819,302283,1081,147729,1705,147713,33,6841,1620,78593,1195,115018,1653,193611,California
Sonoma,3/30/2021,5638,307921,3119,150848,2457,150170,62,6903,3047,79116,2586,117604,3109,196720,California
Sonoma,3/31/2021,5490,313411,3338,154186,1940,152110,212,7115,3279,80406,2202,119806,3492,200212,California
Sonoma,4/1/2021,6673,320084,3972,158158,2368,154478,333,7448,3584,81242,3076,122882,3912,204124,California
Sonoma,4/2/2021,5899,325983,3533,161691,2257,156735,109,7557,3553,82565,2340,125222,3663,207787,California
Sonoma,4/3/2021,3357,329340,1641,163332,1497,158232,219,7776,1470,82379,1875,127097,1689,209476,California
Sonoma,4/4/2021,1055,330395,686,164018,279,158511,90,7866,667,82750,386,127483,757,210233,California
Sonoma,4/5/2021,4346,334741,580,164598,3430,161941,336,8202,1789,82324,2551,130034,2125,212358,California
Sonoma,4/6/2021,6815,341556,3453,168051,2963,164904,399,8601,3958,83836,2844,132878,4356,216714,California
Sonoma,4/7/2021,6735,348291,3803,171854,2101,167005,831,9432,3270,84476,3457,136335,4097,220811,California
Sonoma,4/8/2021,7463,355754,4084,175938,2613,169618,766,10198,4072,85932,3380,139715,4836,225647,California
Sonoma,4/9/2021,6741,362495,3747,179685,2111,171729,883,11081,3457,86995,3272,142987,4335,229982,California
Sonoma,4/10/2021,3711,366206,1679,181364,1479,173208,553,11634,1084,86009,2618,145605,1632,231614,California
Sonoma,4/11/2021,1274,367480,602,181966,591,173799,81,11715,434,85686,838,146443,515,232129,California
Sonoma,4/12/2021,4927,372407,2050,184016,2399,176198,478,12193,1852,84942,3068,149511,2324,234453,California
Sonoma,4/13/2021,7775,380182,4610,188626,3163,179361,2,12195,2957,83091,4810,154321,2959,237412,California
Sonoma,4/14/2021,6345,386527,3590,192216,2736,182097,19,12214,2504,81788,3826,158147,2523,239935,California
Sonoma,4/15/2021,7045,393572,4016,196232,3029,185126,0,12214,3483,81720,3551,161698,3483,243418,California
Sonoma,4/16/2021,6765,400337,3400,199632,3364,188490,1,12215,3843,82648,2916,164614,3844,247262,California
Sonoma,4/17/2021,2967,403304,1492,201124,1475,189965,0,12215,1472,82632,1489,166103,1473,248735,California
Sonoma,4/18/2021,1193,404497,802,201926,391,190356,0,12215,368,82178,822,166925,368,249103,California
Sonoma,4/19/2021,3224,407721,1833,203759,1391,191747,0,12215,1441,81838,1781,168706,1441,250544,California
Sonoma,4/20/2021,6177,413898,3396,207155,2781,194528,0,12215,2343,80360,3822,172528,2344,252888,California
Sonoma,4/21/2021,6181,420079,4094,211249,2085,196613,2,12217,2814,79820,3355,175883,2815,255703,California
Sonoma,4/22/2021,5300,425379,3816,215065,1484,198097,0,12217,1954,78437,3337,179220,1954,257657,California
Sonoma,4/23/2021,3779,429158,2950,218015,829,198926,0,12217,1926,78512,1851,181071,1926,259583,California
Stanislaus,12/15/2020,3,3,3,3,0,0,0,0,3,3,0,0,3,3,California
Stanislaus,12/16/2020,37,40,37,40,0,0,0,0,37,40,0,0,37,40,California
Stanislaus,12/17/2020,73,113,73,113,0,0,0,0,73,113,0,0,73,113,California
Stanislaus,12/18/2020,336,449,330,443,6,6,0,0,336,449,0,0,336,449,California
Stanislaus,12/19/2020,133,582,133,576,0,6,0,0,133,582,0,0,133,582,California
Stanislaus,12/20/2020,86,668,86,662,0,6,0,0,86,668,0,0,86,668,California
Stanislaus,12/21/2020,996,1664,994,1656,2,8,0,0,995,1663,0,0,995,1663,California
Stanislaus,12/22/2020,797,2461,785,2441,12,20,0,0,797,2460,0,0,797,2460,California
Stanislaus,12/23/2020,446,2907,429,2870,17,37,0,0,445,2905,0,0,445,2905,California
Stanislaus,12/24/2020,97,3004,88,2958,9,46,0,0,97,3002,0,0,97,3002,California
Stanislaus,12/26/2020,50,3054,8,2966,42,88,0,0,50,3052,0,0,50,3052,California
Stanislaus,12/27/2020,11,3065,6,2972,5,93,0,0,11,3063,0,0,11,3063,California
Stanislaus,12/28/2020,490,3555,395,3367,95,188,0,0,490,3553,0,0,490,3553,California
Stanislaus,12/29/2020,493,4048,416,3783,77,265,0,0,493,4046,0,0,493,4046,California
Stanislaus,12/30/2020,535,4583,279,4062,256,521,0,0,534,4579,1,1,534,4580,California
Stanislaus,12/31/2020,276,4859,156,4218,120,641,0,0,276,4855,0,1,276,4856,California
Stanislaus,1/1/2021,11,4870,4,4222,7,648,0,0,11,4866,0,1,11,4867,California
Stanislaus,1/2/2021,31,4901,24,4246,7,655,0,0,31,4897,0,1,31,4898,California
Stanislaus,1/3/2021,89,4990,86,4332,3,658,0,0,89,4986,0,1,89,4987,California
Stanislaus,1/4/2021,111,5101,33,4365,78,736,0,0,111,5097,0,1,111,5098,California
Stanislaus,1/5/2021,832,5933,340,4705,492,1228,0,0,809,5890,22,23,815,5913,California
Stanislaus,1/6/2021,948,6881,546,5251,402,1630,0,0,880,6706,65,88,881,6794,California
Stanislaus,1/7/2021,1074,7955,701,5952,373,2003,0,0,959,7553,113,201,960,7754,California
Stanislaus,1/8/2021,1279,9234,722,6674,557,2560,0,0,938,8157,338,539,942,8696,California
Stanislaus,1/9/2021,285,9519,141,6815,144,2704,0,0,195,8262,90,629,195,8891,California
Stanislaus,1/10/2021,48,9567,21,6836,27,2731,0,0,29,8272,19,648,29,8920,California
Stanislaus,1/11/2021,1518,11085,1242,8078,276,3007,0,0,595,7964,917,1565,609,9529,California
Stanislaus,1/12/2021,1459,12544,862,8940,597,3604,0,0,823,8162,632,2197,830,10359,California
Stanislaus,1/13/2021,1415,13959,664,9604,751,4355,0,0,1101,8956,314,2511,1108,11467,California
Stanislaus,1/14/2021,2213,16172,281,9885,1932,6287,0,0,2059,10919,152,2663,2115,13582,California
Stanislaus,1/15/2021,2796,18968,1136,11021,1660,7947,0,0,2661,13515,131,2794,2727,16309,California
Stanislaus,1/16/2021,467,19435,50,11071,417,8364,0,0,452,13955,14,2808,454,16763,California
Stanislaus,1/17/2021,243,19678,201,11272,42,8406,0,0,237,14187,5,2813,237,17000,California
Stanislaus,1/18/2021,2174,21852,1016,12288,1158,9564,0,0,1803,15684,366,3179,1863,18863,California
Stanislaus,1/19/2021,1245,23097,719,13007,526,10090,0,0,802,16046,441,3620,803,19666,California
Stanislaus,1/20/2021,995,24092,480,13487,515,10605,0,0,705,16462,289,3909,705,20371,California
Stanislaus,1/21/2021,3624,27716,2935,16422,689,11294,0,0,3319,19565,303,4212,3406,23777,California
Stanislaus,1/22/2021,1059,28775,308,16730,751,12045,0,0,1016,20546,39,4251,1020,24797,California
Stanislaus,1/23/2021,339,29114,38,16768,301,12346,0,0,283,20778,55,4306,287,25084,California
Stanislaus,1/24/2021,292,29406,100,16868,192,12538,0,0,226,20940,66,4372,228,25312,California
Stanislaus,1/25/2021,3125,32531,218,17086,2907,15445,0,0,2820,23586,305,4677,2951,28263,California
Stanislaus,1/26/2021,1710,34241,738,17824,972,16417,0,0,1291,24477,415,5092,1306,29569,California
Stanislaus,1/27/2021,1814,36055,974,18798,840,17257,0,0,1159,24990,647,5739,1160,30729,California
Stanislaus,1/28/2021,2189,38244,1496,20294,693,17950,0,0,1714,26285,467,6206,1762,32491,California
Stanislaus,1/29/2021,2421,40665,1184,21478,1237,19187,0,0,1904,27759,473,6679,1947,34438,California
Stanislaus,1/30/2021,284,40949,123,21601,161,19348,0,0,221,27928,52,6731,221,34659,California
Stanislaus,1/31/2021,364,41313,311,21912,53,19401,0,0,350,28267,11,6742,350,35009,California
Stanislaus,2/1/2021,1243,42556,544,22456,699,20100,0,0,910,28853,324,7066,910,35919,California
Stanislaus,2/2/2021,1227,43783,373,22829,854,20954,0,0,774,29187,444,7510,778,36697,California
Stanislaus,2/3/2021,2454,46237,1075,23904,1379,22333,0,0,1790,30322,660,8170,1795,38492,California
Stanislaus,2/4/2021,2075,48312,717,24621,1358,23691,0,0,1566,31391,501,8671,1570,40062,California
Stanislaus,2/5/2021,2823,51135,1453,26074,1370,25061,0,0,1591,31806,1180,9851,1595,41657,California
Stanislaus,2/6/2021,875,52010,293,26367,582,25643,0,0,685,32304,188,10039,686,42343,California
Stanislaus,2/7/2021,212,52222,188,26555,24,25667,0,0,42,32178,169,10208,43,42386,California
Stanislaus,2/8/2021,1998,54220,1305,27860,693,26360,0,0,1094,32403,872,11080,1097,43483,California
Stanislaus,2/9/2021,1820,56040,773,28633,1047,27407,0,0,1042,32686,762,11842,1045,44528,California
Stanislaus,2/10/2021,1926,57966,529,29162,1397,28804,0,0,1013,32806,895,12737,1015,45543,California
Stanislaus,2/11/2021,5339,63305,3244,32406,2095,30899,0,0,1224,30086,3948,16685,1228,46771,California
Stanislaus,2/12/2021,3276,66581,908,33314,2368,33267,0,0,1455,29776,1766,18451,1456,48227,California
Stanislaus,2/13/2021,1341,67922,648,33962,693,33960,0,0,977,30396,361,18812,981,49208,California
Stanislaus,2/14/2021,420,68342,169,34131,251,34211,0,0,353,30684,65,18877,353,49561,California
Stanislaus,2/15/2021,1788,70130,217,34348,1571,35782,0,0,580,30158,1111,19988,585,50146,California
Stanislaus,2/16/2021,1348,71478,414,34762,934,36716,0,0,574,29966,768,20756,576,50722,California
Stanislaus,2/17/2021,2719,74197,1658,36420,1061,37777,0,0,1940,31137,776,21532,1947,52669,California
Stanislaus,2/18/2021,3324,77521,1876,38296,1448,39225,0,0,1792,31479,1459,22991,1801,54470,California
Stanislaus,2/19/2021,2694,80215,1039,39335,1655,40880,0,0,1518,31861,1145,24136,1527,55997,California
Stanislaus,2/20/2021,739,80954,372,39707,367,41247,0,0,482,32099,246,24382,484,56481,California
Stanislaus,2/21/2021,871,81825,657,40364,214,41461,0,0,525,32304,331,24713,536,57017,California
Stanislaus,2/22/2021,2322,84147,1675,42039,647,42108,0,0,1630,33267,669,25382,1632,58649,California
Stanislaus,2/23/2021,3677,87824,679,42718,2998,45106,0,0,1736,33203,1806,27188,1742,60391,California
Stanislaus,2/24/2021,4132,91956,2822,45540,1310,46416,0,0,3125,35340,992,28180,3129,63520,California
Stanislaus,2/25/2021,3846,95802,2621,48161,1225,47641,0,0,3055,37624,774,28954,3058,66578,California
Stanislaus,2/26/2021,4135,99937,1190,49351,2945,50586,0,0,2802,39142,1293,30247,2811,69389,California
Stanislaus,2/27/2021,2058,101995,693,50044,1364,51950,1,1,1835,40778,200,30447,1836,71225,California
Stanislaus,2/28/2021,797,102792,256,50300,541,52491,0,1,753,41495,37,30484,754,71979,California
Stanislaus,3/1/2021,2703,105495,1581,51881,1122,53613,0,1,1592,41993,1098,31582,1596,73575,California
Stanislaus,3/2/2021,2353,107848,1399,53280,953,54566,1,2,1642,42930,706,32288,1643,75218,California
Stanislaus,3/3/2021,3682,111530,2212,55492,1468,56034,2,4,2884,45029,785,33073,2884,78102,California
Stanislaus,3/4/2021,5369,116899,3056,58548,2298,58332,15,19,4183,48057,1166,34239,4194,82296,California
Stanislaus,3/5/2021,3996,120895,1105,59653,2875,61207,16,35,3040,50171,941,35180,3055,85351,California
Stanislaus,3/6/2021,3546,124441,2202,61855,1250,62457,94,129,2698,52121,844,36024,2794,88145,California
Stanislaus,3/7/2021,839,125280,379,62234,423,62880,37,166,650,52625,182,36206,686,88831,California
Stanislaus,3/8/2021,1964,127244,842,63076,1034,63914,88,254,1310,53378,644,36850,1397,90228,California
Stanislaus,3/9/2021,2142,129386,878,63954,1172,65086,92,346,1616,54571,519,37369,1712,91940,California
Stanislaus,3/10/2021,5015,134401,2466,66420,2329,67415,220,566,3711,57224,1289,38658,3942,95882,California
Stanislaus,3/11/2021,5696,140097,3129,69549,2090,69505,477,1043,4128,60416,1415,40073,4607,100489,California
Stanislaus,3/12/2021,5725,145822,1214,70763,2594,72099,1917,2960,2904,62428,2807,42880,4819,105308,California
Stanislaus,3/13/2021,3336,149158,2145,72908,1123,73222,68,3028,2669,64508,662,43542,2742,108050,California
Stanislaus,3/14/2021,971,150129,576,73484,344,73566,51,3079,481,64555,488,44030,535,108585,California
Stanislaus,3/15/2021,3653,153782,1956,75440,1348,74914,349,3428,1598,64545,1965,45995,1955,110540,California
Stanislaus,3/16/2021,4872,158654,2430,77870,2031,76945,414,3842,3514,67129,1356,47351,3940,114480,California
Stanislaus,3/17/2021,4675,163329,2835,80705,1667,78612,173,4015,2862,68373,1798,49149,3042,117522,California
Stanislaus,3/18/2021,5383,168712,3397,84102,1920,80532,66,4081,2960,69126,2279,51428,3032,120554,California
Stanislaus,3/19/2021,5888,174600,1516,85618,2850,83382,1522,5603,3093,70970,2771,54199,4615,125169,California
Stanislaus,3/20/2021,3810,178410,2974,88592,767,84149,69,5672,3343,73921,461,54660,3412,128581,California
Stanislaus,3/21/2021,977,179387,877,89469,35,84184,65,5737,748,74505,228,54888,812,129393,California
Stanislaus,3/22/2021,2783,182170,1302,90771,755,84939,726,6463,1232,74922,1539,56427,1956,131349,California
Stanislaus,3/23/2021,3900,186070,2001,92772,1641,86580,258,6721,2791,76890,1095,57522,3063,134412,California
Stanislaus,3/24/2021,4487,190557,3184,95956,1235,87815,68,6789,2616,77745,1832,59354,2687,137099,California
Stanislaus,3/25/2021,4192,194749,2890,98846,1286,89101,16,6805,1803,77247,2318,61672,1820,138919,California
Stanislaus,3/26/2021,4660,199409,1323,100169,3262,92363,75,6880,2342,77390,2287,63959,2430,141349,California
Stanislaus,3/27/2021,4254,203663,2665,102834,1563,93926,26,6906,1364,75919,2875,66834,1404,142753,California
Stanislaus,3/28/2021,1092,204755,434,103268,554,94480,104,7010,346,75643,739,67573,463,143216,California
Stanislaus,3/29/2021,2921,207676,1793,105061,1089,95569,39,7049,1957,76688,958,68531,2003,145219,California
Stanislaus,3/30/2021,3577,211253,2020,107081,1529,97098,28,7077,2174,77502,1397,69928,2211,147430,California
Stanislaus,3/31/2021,5335,216588,3783,110864,1436,98534,116,7193,2726,77765,2595,72523,2858,150288,California
Stanislaus,4/1/2021,5590,222178,3741,114605,1761,100295,88,7281,2520,77340,3058,75581,2633,152921,California
Stanislaus,4/2/2021,4873,227051,1177,115782,3549,103844,147,7428,2150,77015,2641,78222,2316,155237,California
Stanislaus,4/3/2021,4429,231480,3200,118982,1192,105036,37,7465,2152,76957,2270,80492,2212,157449,California
Stanislaus,4/4/2021,1290,232770,458,119440,803,105839,29,7494,636,76984,649,81141,676,158125,California
Stanislaus,4/5/2021,3539,236309,2460,121900,831,106670,248,7742,2289,78283,1244,82385,2543,160668,California
Stanislaus,4/6/2021,5584,241893,4077,125977,1230,107900,277,8019,2939,78872,2634,85019,3223,163891,California
Stanislaus,4/7/2021,6207,248100,3495,129472,2297,110197,415,8434,2725,78548,3469,88488,3145,167036,California
Stanislaus,4/8/2021,5558,253658,3233,132705,1896,112093,429,8863,2677,78794,2866,91354,3112,170148,California
Stanislaus,4/9/2021,4734,258392,2040,134745,2327,114420,367,9230,2132,78722,2586,93940,2514,172662,California
Stanislaus,4/10/2021,6388,264780,3898,138643,856,115276,1634,10864,1944,77869,4426,98366,3573,176235,California
Stanislaus,4/11/2021,1497,266277,836,139479,527,115803,134,10998,650,77807,846,99212,784,177019,California
Stanislaus,4/12/2021,3470,269747,1995,141474,1100,116903,375,11373,1837,78401,1625,100837,2219,179238,California
Stanislaus,4/13/2021,5103,274850,3344,144818,1746,118649,13,11386,2870,79074,2202,103039,2875,182113,California
Stanislaus,4/14/2021,4566,279416,3190,148008,1376,120025,0,11386,2213,78970,2322,105361,2218,184331,California
Stanislaus,4/15/2021,5293,284709,3263,151271,2028,122053,2,11388,3178,80071,2081,107442,3182,187513,California
Stanislaus,4/16/2021,4153,288862,939,152210,3214,125267,0,11388,1765,79489,2350,109792,1768,189281,California
Stanislaus,4/17/2021,3080,291942,2043,154253,1037,126304,0,11388,1797,80017,1274,111066,1802,191083,California
Stanislaus,4/18/2021,509,292451,199,154452,310,126614,0,11388,391,80297,113,111179,393,191476,California
Stanislaus,4/19/2021,3398,295849,2430,156882,968,127582,0,11388,1641,80222,1724,112903,1649,193125,California
Stanislaus,4/20/2021,3886,299735,2369,159251,1517,129099,0,11388,1731,79824,2131,115034,1733,194858,California
Stanislaus,4/21/2021,3716,303451,2503,161754,1212,130311,1,11389,1608,79364,2074,117108,1614,196472,California
Stanislaus,4/22/2021,3781,307232,2352,164106,1429,131740,0,11389,1523,78696,2220,119328,1552,198024,California
Stanislaus,4/23/2021,2532,309764,337,164443,2195,133935,0,11389,981,78222,1471,120799,997,199021,California
Sutter,12/15/2020,1,1,1,1,0,0,0,0,1,1,0,0,1,1,California
Sutter,12/16/2020,4,5,4,5,0,0,0,0,4,5,0,0,4,5,California
Sutter,12/17/2020,2,7,2,7,0,0,0,0,2,7,0,0,2,7,California
Sutter,12/18/2020,20,27,20,27,0,0,0,0,20,27,0,0,20,27,California
Sutter,12/19/2020,44,71,44,71,0,0,0,0,44,71,0,0,44,71,California
Sutter,12/20/2020,42,113,42,113,0,0,0,0,42,113,0,0,42,113,California
Sutter,12/21/2020,100,213,100,213,0,0,0,0,100,213,0,0,100,213,California
Sutter,12/22/2020,172,385,172,385,0,0,0,0,172,385,0,0,172,385,California
Sutter,12/23/2020,116,501,111,496,5,5,0,0,116,501,0,0,116,501,California
Sutter,12/24/2020,17,518,11,507,6,11,0,0,17,518,0,0,17,518,California
Sutter,12/26/2020,39,557,35,542,4,15,0,0,39,557,0,0,39,557,California
Sutter,12/27/2020,24,581,23,565,1,16,0,0,24,581,0,0,24,581,California
Sutter,12/28/2020,83,664,55,620,28,44,0,0,83,664,0,0,83,664,California
Sutter,12/29/2020,101,765,14,634,87,131,0,0,101,765,0,0,101,765,California
Sutter,12/30/2020,136,901,34,668,102,233,0,0,136,901,0,0,136,901,California
Sutter,12/31/2020,70,971,6,674,64,297,0,0,70,971,0,0,70,971,California
Sutter,1/1/2021,3,974,3,677,0,297,0,0,3,974,0,0,3,974,California
Sutter,1/2/2021,133,1107,131,808,2,299,0,0,133,1107,0,0,133,1107,California
Sutter,1/3/2021,1,1108,0,808,1,300,0,0,1,1108,0,0,1,1108,California
Sutter,1/4/2021,248,1356,139,947,109,409,0,0,248,1356,0,0,248,1356,California
Sutter,1/5/2021,99,1455,56,1003,43,452,0,0,97,1451,2,2,97,1453,California
Sutter,1/6/2021,205,1660,51,1054,154,606,0,0,200,1646,5,7,200,1653,California
Sutter,1/7/2021,252,1912,151,1205,101,707,0,0,243,1881,8,15,243,1896,California
Sutter,1/8/2021,147,2059,40,1245,107,814,0,0,130,1994,17,32,130,2026,California
Sutter,1/9/2021,45,2104,43,1288,2,816,0,0,4,1957,41,73,4,2030,California
Sutter,1/10/2021,394,2498,37,1325,357,1173,0,0,356,2276,37,110,356,2386,California
Sutter,1/11/2021,132,2630,114,1439,18,1191,0,0,26,2196,106,216,26,2412,California
Sutter,1/12/2021,201,2831,164,1603,37,1228,0,0,58,2111,143,359,58,2470,California
Sutter,1/13/2021,161,2992,98,1701,63,1291,0,0,71,2093,89,448,71,2541,California
Sutter,1/14/2021,144,3136,49,1750,95,1386,0,0,125,2199,19,467,125,2666,California
Sutter,1/15/2021,435,3571,132,1882,303,1689,0,0,420,2604,15,482,420,3086,California
Sutter,1/16/2021,386,3957,42,1924,344,2033,0,0,354,2927,31,513,354,3440,California
Sutter,1/17/2021,26,3983,24,1948,2,2035,0,0,10,2921,16,529,10,3450,California
Sutter,1/18/2021,116,4099,61,2009,55,2090,0,0,69,2943,47,576,69,3519,California
Sutter,1/19/2021,103,4202,43,2052,60,2150,0,0,78,2996,25,601,78,3597,California
Sutter,1/20/2021,255,4457,190,2242,65,2215,0,0,235,3211,20,621,235,3832,California
Sutter,1/21/2021,435,4892,267,2509,168,2383,0,0,416,3608,19,640,416,4248,California
Sutter,1/22/2021,268,5160,81,2590,187,2570,0,0,259,3858,9,649,259,4507,California
Sutter,1/23/2021,398,5558,40,2630,358,2928,0,0,371,4202,27,676,371,4878,California
Sutter,1/24/2021,17,5575,14,2644,3,2931,0,0,15,4215,2,678,15,4893,California
Sutter,1/25/2021,304,5879,196,2840,108,3039,0,0,151,4214,152,830,151,5044,California
Sutter,1/26/2021,243,6122,103,2943,140,3179,0,0,144,4260,98,928,144,5188,California
Sutter,1/27/2021,384,6506,254,3197,130,3309,0,0,319,4514,65,993,319,5507,California
Sutter,1/28/2021,525,7031,302,3499,223,3532,0,0,395,4780,129,1122,395,5902,California
Sutter,1/29/2021,419,7450,146,3645,273,3805,0,0,254,4869,165,1287,254,6156,California
Sutter,1/30/2021,775,8225,39,3684,736,4541,0,0,764,5622,11,1298,764,6920,California
Sutter,1/31/2021,27,8252,27,3711,0,4541,0,0,27,5649,0,1298,27,6947,California
Sutter,2/1/2021,164,8416,49,3760,115,4656,0,0,133,5751,31,1329,133,7080,California
Sutter,2/2/2021,241,8657,26,3786,215,4871,0,0,211,5932,30,1359,211,7291,California
Sutter,2/3/2021,444,9101,38,3824,406,5277,0,0,209,5906,235,1594,209,7500,California
Sutter,2/4/2021,669,9770,366,4190,303,5580,0,0,620,6477,49,1643,620,8120,California
Sutter,2/5/2021,286,10056,32,4222,254,5834,0,0,137,6465,149,1792,137,8257,California
Sutter,2/6/2021,734,10790,28,4250,706,6540,0,0,713,7157,21,1813,713,8970,California
Sutter,2/7/2021,23,10813,20,4270,3,6543,0,0,19,7172,4,1817,19,8989,California
Sutter,2/8/2021,134,10947,29,4299,105,6648,0,0,98,7234,36,1853,98,9087,California
Sutter,2/9/2021,245,11192,45,4344,200,6848,0,0,184,7357,61,1914,184,9271,California
Sutter,2/10/2021,814,12006,379,4723,435,7283,0,0,177,6898,636,2550,177,9448,California
Sutter,2/11/2021,601,12607,272,4995,329,7612,0,0,372,7041,229,2779,372,9820,California
Sutter,2/12/2021,628,13235,67,5062,561,8173,0,0,311,7035,317,3096,311,10131,California
Sutter,2/13/2021,898,14133,49,5111,849,9022,0,0,781,7699,117,3213,781,10912,California
Sutter,2/14/2021,90,14223,25,5136,65,9087,0,0,80,7769,10,3223,80,10992,California
Sutter,2/15/2021,197,14420,72,5208,125,9212,0,0,120,7812,77,3300,120,11112,California
Sutter,2/16/2021,288,14708,45,5253,243,9455,0,0,205,7935,82,3382,205,11317,California
Sutter,2/17/2021,826,15534,430,5683,396,9851,0,0,129,7367,697,4079,129,11446,California
Sutter,2/18/2021,695,16229,50,5733,645,10496,0,0,485,7643,209,4288,485,11931,California
Sutter,2/19/2021,663,16892,377,6110,286,10782,0,0,462,7906,199,4487,462,12393,California
Sutter,2/20/2021,617,17509,52,6162,565,11347,0,0,513,8316,103,4590,513,12906,California
Sutter,2/21/2021,29,17538,26,6188,3,11350,0,0,6,8299,23,4613,6,12912,California
Sutter,2/22/2021,206,17744,122,6310,84,11434,0,0,87,8267,119,4732,87,12999,California
Sutter,2/23/2021,222,17966,32,6342,190,11624,0,0,98,8241,124,4856,98,13097,California
Sutter,2/24/2021,956,18922,348,6690,608,12232,0,0,189,7664,766,5622,189,13286,California
Sutter,2/25/2021,774,19696,490,7180,284,12516,0,0,595,8083,176,5798,595,13881,California
Sutter,2/26/2021,367,20063,59,7239,308,12824,0,0,151,8020,214,6012,151,14032,California
Sutter,2/27/2021,864,20927,43,7282,821,13645,0,0,710,8574,156,6168,710,14742,California
Sutter,2/28/2021,83,21010,38,7320,45,13690,0,0,65,8621,18,6186,65,14807,California
Sutter,3/1/2021,246,21256,61,7381,185,13875,0,0,150,8675,96,6282,150,14957,California
Sutter,3/2/2021,333,21589,56,7437,277,14152,0,0,159,8661,173,6455,159,15116,California
Sutter,3/3/2021,1375,22964,504,7941,871,15023,0,0,638,8568,731,7186,638,15754,California
Sutter,3/4/2021,1254,24218,866,8807,388,15411,0,0,952,9222,298,7484,952,16706,California
Sutter,3/5/2021,337,24555,76,8883,260,15671,1,1,203,9293,133,7617,204,16910,California
Sutter,3/6/2021,1025,25580,46,8929,974,16645,5,6,863,9999,162,7779,868,17778,California
Sutter,3/7/2021,63,25643,23,8952,39,16684,1,7,43,10023,20,7799,44,17822,California
Sutter,3/8/2021,225,25868,77,9029,135,16819,13,20,156,10123,69,7868,169,17991,California
Sutter,3/9/2021,383,26251,133,9162,237,17056,13,33,180,10114,202,8070,193,18184,California
Sutter,3/10/2021,1566,27817,679,9841,826,17882,61,94,523,9658,1040,9110,584,18768,California
Sutter,3/11/2021,892,28709,439,10280,434,18316,19,113,647,10082,242,9352,666,19434,California
Sutter,3/12/2021,670,29379,108,10388,380,18696,182,295,197,9989,470,9822,377,19811,California
Sutter,3/13/2021,982,30361,749,11137,216,18912,17,312,782,10590,198,10020,799,20610,California
Sutter,3/14/2021,126,30487,20,11157,95,19007,11,323,41,10557,85,10105,52,20662,California
Sutter,3/15/2021,318,30805,66,11223,203,19210,49,372,151,10591,166,10271,200,20862,California
Sutter,3/16/2021,386,31191,86,11309,254,19464,46,418,209,10669,177,10448,255,21117,California
Sutter,3/17/2021,1496,32687,564,11873,913,20377,19,437,311,9822,1177,11625,330,21447,California
Sutter,3/18/2021,958,33645,164,12037,595,20972,199,636,570,10203,387,12012,768,22215,California
Sutter,3/19/2021,461,34106,163,12200,269,21241,29,665,282,10337,177,12189,311,22526,California
Sutter,3/20/2021,954,35060,116,12316,827,22068,11,676,866,11126,88,12277,877,23403,California
Sutter,3/21/2021,66,35126,46,12362,17,22085,3,679,37,11137,29,12306,40,23443,California
Sutter,3/22/2021,289,35415,122,12484,141,22226,26,705,213,11300,76,12382,239,23682,California
Sutter,3/23/2021,375,35790,115,12599,228,22454,32,737,252,11461,123,12505,284,23966,California
Sutter,3/24/2021,1686,37476,775,13374,841,23295,70,807,318,10495,1354,13859,388,24354,California
Sutter,3/25/2021,1038,38514,676,14050,321,23616,41,848,369,10238,667,14526,410,24764,California
Sutter,3/26/2021,481,38995,171,14221,293,23909,17,865,292,10361,186,14712,309,25073,California
Sutter,3/27/2021,936,39931,63,14284,871,24780,2,867,828,11086,105,14817,830,25903,California
Sutter,3/28/2021,126,40057,71,14355,55,24835,0,867,78,11118,46,14863,78,25981,California
Sutter,3/29/2021,422,40479,141,14496,226,25061,55,922,224,11201,196,15059,279,26260,California
Sutter,3/30/2021,474,40953,157,14653,307,25368,10,932,317,11371,157,15216,327,26587,California
Sutter,3/31/2021,1251,42204,175,14828,1059,26427,17,949,461,11068,780,15996,477,27064,California
Sutter,4/1/2021,1368,43572,724,15552,455,26882,189,1138,409,10715,952,16948,599,27663,California
Sutter,4/2/2021,490,44062,93,15645,295,27177,102,1240,200,10725,289,17237,299,27962,California
Sutter,4/3/2021,912,44974,77,15722,209,27386,626,1866,120,10681,790,18027,746,28708,California
Sutter,4/4/2021,117,45091,22,15744,89,27475,6,1872,56,10682,61,18088,62,28770,California
Sutter,4/5/2021,364,45455,142,15886,186,27661,36,1908,174,10705,187,18275,210,28980,California
Sutter,4/6/2021,486,45941,190,16076,240,27901,56,1964,257,10790,228,18503,313,29293,California
Sutter,4/7/2021,1475,47416,867,16943,534,28435,74,2038,615,10625,854,19357,689,29982,California
Sutter,4/8/2021,1025,48441,577,17520,340,28775,108,2146,563,10838,456,19813,669,30651,California
Sutter,4/9/2021,555,48996,245,17765,247,29022,63,2209,233,10814,320,20133,296,30947,California
Sutter,4/10/2021,818,49814,105,17870,87,29109,626,2835,102,10823,714,20847,723,31670,California
Sutter,4/11/2021,108,49922,26,17896,40,29149,42,2877,30,10817,78,20925,72,31742,California
Sutter,4/12/2021,336,50258,90,17986,192,29341,54,2931,136,10807,200,21125,190,31932,California
Sutter,4/13/2021,426,50684,123,18109,303,29644,0,2931,211,10805,213,21338,211,32143,California
Sutter,4/14/2021,1292,51976,158,18267,1133,30777,1,2932,214,9949,1072,22410,216,32359,California
Sutter,4/15/2021,468,52444,172,18439,296,31073,0,2932,180,9843,286,22696,180,32539,California
Sutter,4/16/2021,384,52828,112,18551,272,31345,0,2932,175,9810,208,22904,175,32714,California
Sutter,4/17/2021,572,53400,82,18633,490,31835,0,2932,500,10241,69,22973,500,33214,California
Sutter,4/18/2021,68,53468,8,18641,60,31895,0,2932,43,10260,24,22997,43,33257,California
Sutter,4/19/2021,287,53755,109,18750,178,32073,0,2932,121,10217,164,23161,121,33378,California
Sutter,4/20/2021,387,54142,133,18883,254,32327,0,2932,201,10233,185,23346,201,33579,California
Sutter,4/21/2021,1236,55378,425,19308,811,33138,0,2932,474,9954,753,24099,474,34053,California
Sutter,4/22/2021,431,55809,146,19454,285,33423,0,2932,231,9986,199,24298,231,34284,California
Sutter,4/23/2021,179,55988,14,19468,165,33588,0,2932,91,9992,85,24383,91,34375,California
Tehama,12/15/2020,1,1,1,1,0,0,0,0,1,1,0,0,1,1,California
Tehama,12/16/2020,2,3,2,3,0,0,0,0,2,3,0,0,2,3,California
Tehama,12/17/2020,12,15,12,15,0,0,0,0,12,15,0,0,12,15,California
Tehama,12/18/2020,2,17,2,17,0,0,0,0,3,18,0,0,3,18,California
Tehama,12/21/2020,33,50,33,50,0,0,0,0,33,51,0,0,33,51,California
Tehama,12/22/2020,68,118,62,112,6,6,0,0,68,119,0,0,68,119,California
Tehama,12/23/2020,48,166,40,152,8,14,0,0,48,167,0,0,48,167,California
Tehama,12/24/2020,5,171,3,155,2,16,0,0,5,172,0,0,5,172,California
Tehama,12/26/2020,3,174,2,157,1,17,0,0,3,175,0,0,3,175,California
Tehama,12/27/2020,2,176,2,159,0,17,0,0,2,177,0,0,2,177,California
Tehama,12/28/2020,56,232,43,202,13,30,0,0,56,233,0,0,56,233,California
Tehama,12/29/2020,31,263,31,233,0,30,0,0,31,264,0,0,31,264,California
Tehama,12/30/2020,54,317,38,271,16,46,0,0,53,317,0,0,53,317,California
Tehama,12/31/2020,14,331,4,275,10,56,0,0,14,331,0,0,14,331,California
Tehama,1/1/2021,2,333,0,275,2,58,0,0,2,333,0,0,2,333,California
Tehama,1/4/2021,31,364,8,283,23,81,0,0,31,364,0,0,31,364,California
Tehama,1/5/2021,70,434,43,326,27,108,0,0,67,428,3,3,67,431,California
Tehama,1/6/2021,71,505,21,347,50,158,0,0,62,482,8,11,62,493,California
Tehama,1/7/2021,56,561,7,354,49,207,0,0,55,536,1,12,55,548,California
Tehama,1/8/2021,30,591,24,378,6,213,0,0,25,556,5,17,25,573,California
Tehama,1/9/2021,7,598,5,383,2,215,0,0,5,559,2,19,5,578,California
Tehama,1/10/2021,1,599,0,383,1,216,0,0,1,560,0,19,1,579,California
Tehama,1/11/2021,47,646,46,429,1,217,0,0,14,541,33,52,14,593,California
Tehama,1/12/2021,116,762,96,525,20,237,0,0,71,567,45,97,71,664,California
Tehama,1/13/2021,72,834,55,580,17,254,0,0,26,547,46,143,26,690,California
Tehama,1/14/2021,224,1058,50,630,174,428,0,0,222,767,2,145,222,912,California
Tehama,1/15/2021,246,1304,74,704,172,600,0,0,242,1005,4,149,242,1154,California
Tehama,1/16/2021,272,1576,27,731,245,845,0,0,269,1271,3,152,269,1423,California
Tehama,1/17/2021,13,1589,9,740,4,849,0,0,11,1280,2,154,11,1434,California
Tehama,1/18/2021,10,1599,6,746,4,853,0,0,5,1280,5,159,5,1439,California
Tehama,1/19/2021,288,1887,62,808,226,1079,0,0,233,1458,55,214,233,1672,California
Tehama,1/20/2021,301,2188,87,895,214,1293,0,0,251,1660,49,263,251,1923,California
Tehama,1/21/2021,214,2402,11,906,203,1496,0,0,204,1854,10,273,204,2127,California
Tehama,1/22/2021,214,2616,12,918,202,1698,0,0,211,2062,3,276,211,2338,California
Tehama,1/23/2021,261,2877,10,928,251,1949,0,0,260,2321,1,277,260,2598,California
Tehama,1/25/2021,31,2908,13,941,18,1967,0,0,14,2318,17,294,14,2612,California
Tehama,1/26/2021,325,3233,42,983,283,2250,0,0,288,2569,37,331,288,2900,California
Tehama,1/27/2021,299,3532,21,1004,278,2528,0,0,279,2828,20,351,279,3179,California
Tehama,1/28/2021,340,3872,29,1033,311,2839,0,0,325,3138,15,366,325,3504,California
Tehama,1/29/2021,321,4193,19,1052,302,3141,0,0,304,3425,17,383,304,3808,California
Tehama,1/30/2021,103,4296,2,1054,101,3242,0,0,102,3526,1,384,102,3910,California
Tehama,1/31/2021,1,4297,0,1054,1,3243,0,0,1,3527,0,384,1,3911,California
Tehama,2/1/2021,77,4374,22,1076,55,3298,0,0,36,3522,41,425,36,3947,California
Tehama,2/2/2021,343,4717,63,1139,280,3578,0,0,246,3674,94,519,246,4193,California
Tehama,2/3/2021,377,5094,12,1151,365,3943,0,0,333,3963,44,563,333,4526,California
Tehama,2/4/2021,466,5560,99,1250,367,4310,0,0,387,4272,79,642,388,4914,California
Tehama,2/5/2021,162,5722,73,1323,89,4399,0,0,103,4316,59,701,103,5017,California
Tehama,2/6/2021,28,5750,13,1336,15,4414,0,0,16,4320,12,713,16,5033,California
Tehama,2/7/2021,5,5755,4,1340,1,4415,0,0,2,4319,3,716,2,5035,California
Tehama,2/8/2021,35,5790,14,1354,21,4436,0,0,27,4338,8,724,27,5062,California
Tehama,2/9/2021,76,5866,33,1387,43,4479,0,0,42,4346,34,758,42,5104,California
Tehama,2/10/2021,233,6099,62,1449,171,4650,0,0,158,4429,75,833,158,5262,California
Tehama,2/11/2021,219,6318,16,1465,203,4853,0,0,80,4372,137,970,80,5342,California
Tehama,2/12/2021,355,6673,57,1522,298,5151,0,0,174,4365,181,1151,174,5516,California
Tehama,2/13/2021,386,7059,13,1535,373,5524,0,0,147,4273,239,1390,147,5663,California
Tehama,2/14/2021,33,7092,0,1535,33,5557,0,0,32,4304,1,1391,32,5695,California
Tehama,2/15/2021,51,7143,9,1544,42,5599,0,0,45,4343,6,1397,45,5740,California
Tehama,2/16/2021,240,7383,16,1560,224,5823,0,0,58,4219,182,1579,58,5798,California
Tehama,2/17/2021,280,7663,12,1572,268,6091,0,0,54,4047,226,1805,54,5852,California
Tehama,2/18/2021,368,8031,32,1604,336,6427,0,0,144,3967,224,2029,144,5996,California
Tehama,2/19/2021,213,8244,18,1622,195,6622,0,0,42,3838,171,2200,42,6038,California
Tehama,2/20/2021,271,8515,6,1628,265,6887,0,0,26,3619,245,2445,26,6064,California
Tehama,2/22/2021,37,8552,13,1641,24,6911,0,0,24,3630,13,2458,24,6088,California
Tehama,2/23/2021,46,8598,19,1660,27,6938,0,0,26,3636,20,2478,26,6114,California
Tehama,2/24/2021,299,8897,12,1672,287,7225,0,0,26,3389,273,2751,26,6140,California
Tehama,2/25/2021,377,9274,61,1733,316,7541,0,0,37,3086,340,3091,37,6177,California
Tehama,2/26/2021,455,9729,19,1752,436,7977,0,0,70,2771,385,3476,70,6247,California
Tehama,2/27/2021,294,10023,5,1757,289,8266,0,0,34,2545,260,3736,34,6281,California
Tehama,2/28/2021,23,10046,2,1759,21,8287,0,0,20,2562,3,3739,20,6301,California
Tehama,3/1/2021,63,10109,8,1767,55,8342,0,0,29,2557,34,3773,29,6330,California
Tehama,3/2/2021,124,10233,17,1784,107,8449,0,0,29,2491,95,3868,29,6359,California
Tehama,3/3/2021,132,10365,33,1817,99,8548,0,0,47,2453,85,3953,47,6406,California
Tehama,3/4/2021,592,10957,22,1839,570,9118,0,0,218,2303,368,4321,218,6624,California
Tehama,3/5/2021,384,11341,18,1857,366,9484,0,0,214,2348,169,4490,214,6838,California
Tehama,3/6/2021,295,11636,17,1874,278,9762,0,0,80,2215,214,4704,81,6919,California
Tehama,3/7/2021,5,11641,1,1875,4,9766,0,0,3,2217,1,4705,3,6922,California
Tehama,3/8/2021,58,11699,12,1887,31,9797,15,15,27,2229,30,4735,42,6964,California
Tehama,3/9/2021,359,12058,5,1892,335,10132,19,34,304,2497,55,4790,323,7287,California
Tehama,3/10/2021,350,12408,12,1904,317,10449,21,55,68,2305,281,5071,89,7376,California
Tehama,3/11/2021,482,12890,14,1918,422,10871,46,101,340,2549,142,5213,386,7762,California
Tehama,3/12/2021,300,13190,18,1936,217,11088,65,166,176,2666,124,5337,241,8003,California
Tehama,3/13/2021,45,13235,8,1944,31,11119,6,172,6,2639,39,5376,12,8015,California
Tehama,3/14/2021,43,13278,3,1947,29,11148,11,183,2,2611,41,5417,13,8028,California
Tehama,3/15/2021,153,13431,21,1968,112,11260,20,203,86,2650,67,5484,106,8134,California
Tehama,3/16/2021,408,13839,14,1982,356,11616,38,241,309,2899,98,5582,347,8481,California
Tehama,3/17/2021,423,14262,22,2004,369,11985,32,273,338,3186,83,5665,370,8851,California
Tehama,3/18/2021,484,14746,25,2029,435,12420,24,297,306,3340,176,5841,330,9181,California
Tehama,3/19/2021,313,15059,23,2052,277,12697,13,310,271,3582,42,5883,284,9465,California
Tehama,3/20/2021,41,15100,8,2060,31,12728,2,312,29,3601,12,5895,31,9496,California
Tehama,3/21/2021,12,15112,5,2065,7,12735,0,312,12,3613,0,5895,12,9508,California
Tehama,3/22/2021,90,15202,7,2072,66,12801,17,329,49,3638,41,5936,66,9574,California
Tehama,3/23/2021,85,15287,24,2096,54,12855,7,336,66,3692,19,5955,73,9647,California
Tehama,3/24/2021,85,15372,16,2112,66,12921,3,339,55,3720,30,5985,58,9705,California
Tehama,3/25/2021,514,15886,351,2463,150,13071,13,352,467,4154,46,6031,480,10185,California
Tehama,3/26/2021,464,16350,356,2819,96,13167,12,364,389,4480,75,6106,401,10586,California
Tehama,3/27/2021,437,16787,348,3167,68,13235,21,385,374,4813,62,6168,395,10981,California
Tehama,3/28/2021,34,16821,13,3180,21,13256,0,385,22,4823,12,6180,22,11003,California
Tehama,3/29/2021,121,16942,32,3212,89,13345,0,385,76,4855,44,6224,76,11079,California
Tehama,3/30/2021,361,17303,212,3424,147,13492,2,387,247,4990,114,6338,249,11328,California
Tehama,3/31/2021,379,17682,278,3702,98,13590,3,390,305,5225,73,6411,308,11636,California
Tehama,4/1/2021,518,18200,243,3945,269,13859,6,396,387,5487,131,6542,393,12029,California
Tehama,4/2/2021,442,18642,204,4149,232,14091,6,402,257,5565,185,6727,263,12292,California
Tehama,4/3/2021,61,18703,3,4152,53,14144,5,407,30,5569,31,6758,35,12327,California
Tehama,4/4/2021,34,18737,6,4158,27,14171,1,408,22,5580,12,6770,23,12350,California
Tehama,4/5/2021,114,18851,20,4178,68,14239,26,434,59,5610,55,6825,85,12435,California
Tehama,4/6/2021,480,19331,105,4283,324,14563,51,485,133,5447,347,7172,184,12619,California
Tehama,4/7/2021,417,19748,279,4562,94,14657,44,529,304,5683,111,7283,347,12966,California
Tehama,4/8/2021,596,20344,172,4734,386,15043,38,567,228,5582,367,7650,266,13232,California
Tehama,4/9/2021,418,20762,185,4919,201,15244,32,599,208,5614,208,7858,240,13472,California
Tehama,4/10/2021,73,20835,9,4928,37,15281,27,626,39,5646,34,7892,66,13538,California
Tehama,4/11/2021,25,20860,7,4935,7,15288,11,637,8,5648,17,7909,19,13557,California
Tehama,4/12/2021,113,20973,6,4941,88,15376,19,656,44,5642,69,7978,63,13620,California
Tehama,4/13/2021,296,21269,57,4998,239,15615,0,656,62,5470,234,8212,62,13682,California
Tehama,4/14/2021,462,21731,48,5046,414,16029,0,656,50,5108,412,8624,50,13732,California
Tehama,4/15/2021,493,22224,192,5238,301,16330,0,656,84,4783,409,9033,84,13816,California
Tehama,4/16/2021,564,22788,312,5550,252,16582,0,656,94,4407,470,9503,94,13910,California
Tehama,4/17/2021,344,23132,266,5816,78,16660,0,656,50,4165,293,9796,51,13961,California
Tehama,4/18/2021,16,23148,2,5818,14,16674,0,656,12,4173,4,9800,12,13973,California
Tehama,4/19/2021,93,23241,7,5825,86,16760,0,656,41,4162,52,9852,41,14014,California
Tehama,4/20/2021,499,23740,412,6237,87,16847,0,656,149,3965,348,10200,151,14165,California
Tehama,4/21/2021,502,24242,438,6675,64,16911,0,656,182,3827,320,10520,182,14347,California
Tehama,4/22/2021,500,24742,356,7031,144,17055,0,656,146,3620,353,10873,146,14493,California
Tehama,4/23/2021,397,25139,326,7357,71,17126,0,656,176,3576,221,11094,177,14670,California
Trinity,12/17/2020,4,4,4,4,0,0,0,0,4,4,0,0,4,4,California
Trinity,12/18/2020,2,6,2,6,0,0,0,0,2,6,0,0,2,6,California
Trinity,12/21/2020,38,44,38,44,0,0,0,0,38,44,0,0,38,44,California
Trinity,12/22/2020,5,49,5,49,0,0,0,0,5,49,0,0,5,49,California
Trinity,12/23/2020,5,54,5,54,0,0,0,0,5,54,0,0,5,54,California
Trinity,12/28/2020,30,84,30,84,0,0,0,0,30,84,0,0,30,84,California
Trinity,12/29/2020,8,92,7,91,1,1,0,0,8,92,0,0,8,92,California
Trinity,12/30/2020,10,102,8,99,2,3,0,0,10,102,0,0,10,102,California
Trinity,12/31/2020,2,104,1,100,1,4,0,0,2,104,0,0,2,104,California
Trinity,1/4/2021,27,131,0,100,27,31,0,0,26,130,0,0,26,130,California
Trinity,1/5/2021,2,133,1,101,1,32,0,0,2,132,0,0,2,132,California
Trinity,1/6/2021,23,156,4,105,19,51,0,0,19,147,4,4,19,151,California
Trinity,1/8/2021,49,205,2,107,47,98,0,0,48,193,2,6,48,199,California
Trinity,1/11/2021,39,244,38,145,1,99,0,0,2,158,37,43,2,201,California
Trinity,1/12/2021,9,253,7,152,2,101,0,0,4,157,5,48,4,205,California
Trinity,1/13/2021,7,260,4,156,3,104,0,0,4,158,3,51,4,209,California
Trinity,1/14/2021,3,263,1,157,2,106,0,0,3,161,0,51,3,212,California
Trinity,1/16/2021,4,267,0,157,4,110,0,0,4,165,0,51,4,216,California
Trinity,1/18/2021,31,298,31,188,0,110,0,0,1,136,30,81,1,217,California
Trinity,1/19/2021,95,393,14,202,81,191,0,0,81,203,14,95,81,298,California
Trinity,1/20/2021,19,412,3,205,16,207,0,0,17,218,2,97,17,315,California
Trinity,1/21/2021,17,429,7,212,10,217,0,0,17,235,0,97,17,332,California
Trinity,1/22/2021,5,434,1,213,4,221,0,0,5,240,0,97,5,337,California
Trinity,1/23/2021,7,441,3,216,4,225,0,0,7,247,0,97,7,344,California
Trinity,1/25/2021,14,455,1,217,13,238,0,0,13,259,1,98,13,357,California
Trinity,1/26/2021,10,465,1,218,9,247,0,0,9,267,1,99,9,366,California
Trinity,1/27/2021,12,477,0,218,12,259,0,0,12,279,0,99,12,378,California
Trinity,1/28/2021,13,490,3,221,10,269,0,0,10,286,3,102,10,388,California
Trinity,1/29/2021,3,493,1,222,2,271,0,0,2,287,1,103,2,390,California
Trinity,1/30/2021,12,505,11,233,1,272,0,0,12,299,0,103,12,402,California
Trinity,2/1/2021,2,507,1,234,1,273,0,0,1,299,1,104,1,403,California
Trinity,2/2/2021,13,520,3,237,10,283,0,0,13,312,0,104,13,416,California
Trinity,2/3/2021,6,526,1,238,5,288,0,0,3,312,3,107,3,419,California
Trinity,2/4/2021,36,562,32,270,4,292,0,0,34,344,2,109,34,453,California
Trinity,2/5/2021,348,910,0,270,348,640,0,0,318,632,30,139,318,771,California
Trinity,2/6/2021,209,1119,5,275,204,844,0,0,202,827,7,146,202,973,California
Trinity,2/7/2021,1,1120,0,275,1,845,0,0,1,828,0,146,1,974,California
Trinity,2/8/2021,23,1143,0,275,23,868,0,0,15,835,8,154,15,989,California
Trinity,2/9/2021,21,1164,2,277,19,887,0,0,6,826,15,169,6,995,California
Trinity,2/10/2021,123,1287,10,287,113,1000,0,0,103,909,20,189,103,1098,California
Trinity,2/11/2021,335,1622,2,289,333,1333,0,0,329,1232,6,195,329,1427,California
Trinity,2/12/2021,9,1631,6,295,3,1336,0,0,9,1241,0,195,9,1436,California
Trinity,2/13/2021,12,1643,5,300,7,1343,0,0,5,1239,7,202,5,1441,California
Trinity,2/14/2021,2,1645,2,302,0,1343,0,0,2,1241,0,202,2,1443,California
Trinity,2/15/2021,46,1691,0,302,46,1389,0,0,46,1287,0,202,46,1489,California
Trinity,2/16/2021,7,1698,2,304,5,1394,0,0,4,1288,3,205,4,1493,California
Trinity,2/17/2021,94,1792,2,306,92,1486,0,0,84,1362,10,215,84,1577,California
Trinity,2/18/2021,4,1796,0,306,4,1490,0,0,1,1360,3,218,1,1578,California
Trinity,2/19/2021,209,2005,2,308,207,1697,0,0,196,1543,13,231,196,1774,California
Trinity,2/20/2021,141,2146,14,322,127,1824,0,0,113,1628,28,259,113,1887,California
Trinity,2/22/2021,3,2149,0,322,3,1827,0,0,0,1625,3,262,0,1887,California
Trinity,2/23/2021,8,2157,4,326,4,1831,0,0,3,1623,5,267,3,1890,California
Trinity,2/24/2021,30,2187,8,334,22,1853,0,0,7,1607,23,290,7,1897,California
Trinity,2/25/2021,36,2223,23,357,13,1866,0,0,5,1581,31,321,5,1902,California
Trinity,2/26/2021,11,2234,1,358,10,1876,0,0,5,1580,6,327,5,1907,California
Trinity,2/27/2021,9,2243,7,365,2,1878,0,0,4,1579,5,332,4,1911,California
Trinity,3/1/2021,8,2251,0,365,8,1886,0,0,5,1581,3,335,5,1916,California
Trinity,3/2/2021,8,2259,3,368,5,1891,0,0,1,1575,7,342,1,1917,California
Trinity,3/3/2021,5,2264,0,368,5,1896,0,0,4,1578,1,343,4,1921,California
Trinity,3/4/2021,15,2279,10,378,5,1901,0,0,13,1589,2,345,13,1934,California
Trinity,3/5/2021,298,2577,1,379,297,2198,0,0,35,1365,259,604,35,1969,California
Trinity,3/6/2021,196,2773,7,386,189,2387,0,0,26,1221,170,774,26,1995,California
Trinity,3/7/2021,3,2776,3,389,0,2387,0,0,2,1222,1,775,2,1997,California
Trinity,3/8/2021,3,2779,0,389,2,2389,1,1,1,1222,2,777,2,1999,California
Trinity,3/9/2021,93,2872,0,389,91,2480,2,3,89,1309,4,781,91,2090,California
Trinity,3/10/2021,127,2999,3,392,121,2601,3,6,38,1261,89,870,41,2131,California
Trinity,3/11/2021,8,3007,3,395,3,2604,2,8,4,1263,4,874,6,2137,California
Trinity,3/12/2021,337,3344,2,397,329,2933,6,14,46,1024,291,1165,52,2189,California
Trinity,3/13/2021,13,3357,8,405,3,2936,2,16,8,1029,5,1170,10,2199,California
Trinity,3/15/2021,66,3423,0,405,65,3001,1,17,14,992,52,1222,15,2214,California
Trinity,3/16/2021,115,3538,7,412,108,3109,0,17,101,1079,14,1236,101,2315,California
Trinity,3/17/2021,100,3638,3,415,97,3206,0,17,26,1031,74,1310,26,2341,California
Trinity,3/18/2021,10,3648,2,417,5,3211,3,20,5,1034,5,1315,8,2349,California
Trinity,3/19/2021,367,4015,4,421,253,3464,110,130,33,843,334,1649,143,2492,California
Trinity,3/20/2021,104,4119,7,428,97,3561,0,130,69,877,35,1684,69,2561,California
Trinity,3/21/2021,3,4122,0,428,2,3563,1,131,2,879,1,1685,3,2564,California
Trinity,3/22/2021,2,4124,0,428,2,3565,0,131,2,881,0,1685,2,2566,California
Trinity,3/23/2021,95,4219,1,429,94,3659,0,131,78,942,17,1702,78,2644,California
Trinity,3/24/2021,9,4228,1,430,8,3667,0,131,9,951,0,1702,9,2653,California
Trinity,3/25/2021,106,4334,7,437,93,3760,6,137,83,1017,23,1725,89,2742,California
Trinity,3/26/2021,15,4349,2,439,13,3773,0,137,9,1020,6,1731,9,2751,California
Trinity,3/27/2021,16,4365,4,443,3,3776,9,146,5,1023,11,1742,14,2765,California
Trinity,3/28/2021,5,4370,3,446,2,3778,0,146,1,1020,4,1746,1,2766,California
Trinity,3/29/2021,4,4374,0,446,4,3782,0,146,1,1018,3,1749,1,2767,California
Trinity,3/30/2021,75,4449,4,450,71,3853,0,146,67,1077,8,1757,67,2834,California
Trinity,3/31/2021,56,4505,5,455,19,3872,32,178,21,1094,35,1792,52,2886,California
Trinity,4/1/2021,38,4543,11,466,16,3888,11,189,19,1105,19,1811,30,2916,California
Trinity,4/2/2021,163,4706,6,472,83,3971,74,263,69,1155,93,1904,143,3059,California
Trinity,4/3/2021,19,4725,14,486,5,3976,0,263,9,1154,10,1914,9,3068,California
Trinity,4/4/2021,10,4735,8,494,2,3978,0,263,10,1164,0,1914,10,3078,California
Trinity,4/5/2021,59,4794,6,500,52,4030,1,264,55,1216,4,1918,56,3134,California
Trinity,4/6/2021,110,4904,13,513,94,4124,3,267,22,1153,88,2006,25,3159,California
Trinity,4/7/2021,21,4925,12,525,4,4128,5,272,14,1165,7,2013,19,3178,California
Trinity,4/8/2021,87,5012,10,535,75,4203,2,274,50,1180,37,2050,52,3230,California
Trinity,4/9/2021,118,5130,20,555,93,4296,5,279,84,1235,34,2084,89,3319,California
Trinity,4/10/2021,11,5141,7,562,4,4300,0,279,10,1244,1,2085,10,3329,California
Trinity,4/11/2021,8,5149,5,567,1,4301,2,281,4,1246,4,2089,6,3335,California
Trinity,4/12/2021,77,5226,5,572,71,4372,1,282,64,1298,12,2101,64,3399,California
Trinity,4/13/2021,96,5322,4,576,92,4464,0,282,10,1222,86,2187,10,3409,California
Trinity,4/14/2021,10,5332,5,581,5,4469,0,282,6,1224,4,2191,6,3415,California
Trinity,4/15/2021,43,5375,10,591,33,4502,0,282,14,1209,29,2220,14,3429,California
Trinity,4/16/2021,105,5480,7,598,98,4600,0,282,40,1184,65,2285,40,3469,California
Trinity,4/17/2021,11,5491,5,603,6,4606,0,282,9,1191,2,2287,9,3478,California
Trinity,4/18/2021,1,5492,1,604,0,4606,0,282,0,1190,1,2288,0,3478,California
Trinity,4/19/2021,3,5495,0,604,3,4609,0,282,3,1193,0,2288,3,3481,California
Trinity,4/20/2021,91,5586,8,612,83,4692,0,282,19,1140,72,2360,19,3500,California
Trinity,4/21/2021,22,5608,10,622,12,4704,0,282,10,1138,12,2372,10,3510,California
Trinity,4/22/2021,91,5699,7,629,84,4788,0,282,15,1077,76,2448,15,3525,California
Trinity,4/23/2021,108,5807,1,630,107,4895,0,282,102,1173,6,2454,102,3627,California
Tulare,12/15/2020,1,1,1,1,0,0,0,0,1,1,0,0,1,1,California
Tulare,12/16/2020,3,4,3,4,0,0,0,0,3,4,0,0,3,4,California
Tulare,12/17/2020,110,114,110,114,0,0,0,0,110,114,0,0,110,114,California
Tulare,12/18/2020,289,403,289,403,0,0,0,0,289,403,0,0,289,403,California
Tulare,12/19/2020,328,731,328,731,0,0,0,0,328,731,0,0,328,731,California
Tulare,12/20/2020,166,897,165,896,1,1,0,0,166,897,0,0,166,897,California
Tulare,12/21/2020,422,1319,422,1318,0,1,0,0,442,1339,0,0,442,1339,California
Tulare,12/22/2020,469,1788,467,1785,2,3,0,0,468,1807,0,0,468,1807,California
Tulare,12/23/2020,328,2116,320,2105,8,11,0,0,326,2133,0,0,326,2133,California
Tulare,12/24/2020,18,2134,16,2121,2,13,0,0,18,2151,0,0,18,2151,California
Tulare,12/26/2020,8,2142,7,2128,1,14,0,0,8,2159,0,0,8,2159,California
Tulare,12/27/2020,16,2158,12,2140,4,18,0,0,16,2175,0,0,16,2175,California
Tulare,12/28/2020,483,2641,471,2611,12,30,0,0,482,2657,0,0,482,2657,California
Tulare,12/29/2020,546,3187,478,3089,68,98,0,0,546,3203,0,0,546,3203,California
Tulare,12/30/2020,474,3661,435,3524,39,137,0,0,474,3677,0,0,474,3677,California
Tulare,12/31/2020,94,3755,22,3546,72,209,0,0,94,3771,0,0,94,3771,California
Tulare,1/1/2021,2,3757,1,3547,1,210,0,0,2,3773,0,0,2,3773,California
Tulare,1/2/2021,28,3785,17,3564,11,221,0,0,28,3801,0,0,28,3801,California
Tulare,1/3/2021,23,3808,9,3573,14,235,0,0,23,3824,0,0,23,3824,California
Tulare,1/4/2021,92,3900,16,3589,76,311,0,0,92,3916,0,0,92,3916,California
Tulare,1/5/2021,460,4360,278,3867,182,493,0,0,458,4372,2,2,458,4374,California
Tulare,1/6/2021,865,5225,636,4503,229,722,0,0,855,5217,10,12,855,5229,California
Tulare,1/7/2021,782,6007,584,5087,198,920,0,0,676,5787,106,118,676,5905,California
Tulare,1/8/2021,1267,7274,575,5662,692,1612,0,0,929,6379,337,455,929,6834,California
Tulare,1/9/2021,742,8016,204,5866,538,2150,0,0,554,6745,188,643,554,7388,California
Tulare,1/10/2021,50,8066,44,5910,6,2156,0,0,11,6717,39,682,11,7399,California
Tulare,1/11/2021,1266,9332,767,6677,499,2655,0,0,831,7113,435,1117,831,8230,California
Tulare,1/12/2021,1402,10734,488,7165,914,3569,0,0,995,7703,406,1523,996,9226,California
Tulare,1/13/2021,458,11192,228,7393,230,3799,0,0,383,8011,75,1598,383,9609,California
Tulare,1/14/2021,492,11684,141,7534,351,4150,0,0,466,8462,15,1613,466,10075,California
Tulare,1/15/2021,1619,13303,151,7685,1468,5618,0,0,1610,10063,9,1622,1610,11685,California
Tulare,1/16/2021,1901,15204,114,7799,1787,7405,0,0,1887,11936,14,1636,1887,13572,California
Tulare,1/17/2021,141,15345,122,7921,19,7424,0,0,131,12057,10,1646,131,13703,California
Tulare,1/18/2021,695,16040,662,8583,33,7457,0,0,295,11952,400,2046,295,13998,California
Tulare,1/19/2021,1006,17046,683,9266,323,7780,0,0,578,12102,428,2474,578,14576,California
Tulare,1/20/2021,2377,19423,564,9830,1813,9593,0,0,1991,13707,386,2860,1991,16567,California
Tulare,1/21/2021,1511,20934,150,9980,1361,10954,0,0,1485,15171,21,2881,1485,18052,California
Tulare,1/22/2021,1054,21988,185,10165,869,11823,0,0,1030,16178,23,2904,1030,19082,California
Tulare,1/23/2021,438,22426,156,10321,282,12105,0,0,417,16574,21,2925,417,19499,California
Tulare,1/24/2021,30,22456,27,10348,3,12108,0,0,28,16600,2,2927,28,19527,California
Tulare,1/25/2021,1324,23780,979,11327,345,12453,0,0,1295,17866,29,2956,1295,20822,California
Tulare,1/26/2021,1498,25278,1099,12426,399,12852,0,0,1173,18715,324,3280,1173,21995,California
Tulare,1/27/2021,1456,26734,1070,13496,386,13238,0,0,878,19015,578,3858,878,22873,California
Tulare,1/28/2021,1199,27933,768,14264,431,13669,0,0,804,19424,395,4253,804,23677,California
Tulare,1/29/2021,1129,29062,719,14983,410,14079,0,0,819,19933,310,4563,819,24496,California
Tulare,1/30/2021,1673,30735,1579,16562,94,14173,0,0,1649,21559,24,4587,1650,26146,California
Tulare,1/31/2021,51,30786,47,16609,4,14177,0,0,48,21604,3,4590,48,26194,California
Tulare,2/1/2021,1183,31969,916,17525,267,14444,0,0,831,22084,351,4941,831,27025,California
Tulare,2/2/2021,676,32645,328,17853,348,14792,0,0,445,22301,229,5170,446,27471,California
Tulare,2/3/2021,613,33258,287,18140,326,15118,0,0,336,22362,275,5445,336,27807,California
Tulare,2/4/2021,551,33809,164,18304,387,15505,0,0,266,22344,285,5730,267,28074,California
Tulare,2/5/2021,1230,35039,233,18537,997,16502,0,0,414,21944,814,6544,414,28488,California
Tulare,2/6/2021,834,35873,158,18695,676,17178,0,0,266,21644,566,7110,266,28754,California
Tulare,2/7/2021,78,35951,66,18761,12,17190,0,0,23,21612,55,7165,23,28777,California
Tulare,2/8/2021,941,36892,327,19088,614,17804,0,0,245,21164,693,7858,245,29022,California
Tulare,2/9/2021,1403,38295,326,19414,1077,18881,0,0,360,20486,1038,8896,360,29382,California
Tulare,2/10/2021,2469,40764,1986,21400,483,19364,0,0,2069,22158,397,9293,2069,31451,California
Tulare,2/11/2021,1322,42086,376,21776,946,20310,0,0,938,22712,384,9677,938,32389,California
Tulare,2/12/2021,2776,44862,576,22352,2200,22510,0,0,1214,22371,1555,11232,1214,33603,California
Tulare,2/13/2021,2479,47341,157,22509,2322,24832,0,0,666,21227,1810,13042,666,34269,California
Tulare,2/14/2021,333,47674,36,22545,297,25129,0,0,300,21494,33,13075,300,34569,California
Tulare,2/15/2021,915,48589,291,22836,624,25753,0,0,658,21896,256,13331,658,35227,California
Tulare,2/16/2021,2831,51420,1595,24431,1236,26989,0,0,1077,21220,1753,15084,1077,36304,California
Tulare,2/17/2021,2699,54119,509,24940,2190,29179,0,0,463,19452,2231,17315,463,36767,California
Tulare,2/18/2021,2299,56418,456,25396,1843,31022,0,0,632,18425,1659,18974,632,37399,California
Tulare,2/19/2021,2295,58713,855,26251,1440,32462,0,0,942,18016,1351,20325,942,38341,California
Tulare,2/20/2021,2989,61702,1892,28143,1097,33559,0,0,1267,17566,1717,22042,1267,39608,California
Tulare,2/21/2021,95,61797,91,28234,4,33563,0,0,60,17591,35,22077,60,39668,California
Tulare,2/22/2021,1105,62902,701,28935,404,33967,0,0,212,16911,892,22969,212,39880,California
Tulare,2/23/2021,1946,64848,940,29875,1006,34973,0,0,1457,17880,488,23457,1457,41337,California
Tulare,2/24/2021,2473,67321,1549,31424,924,35897,0,0,2095,19599,377,23834,2096,43433,California
Tulare,2/25/2021,3483,70804,1948,33372,1535,37432,0,0,3069,22258,410,24244,3069,46502,California
Tulare,2/26/2021,3837,74641,1879,35251,1958,39390,0,0,3375,25173,460,24704,3375,49877,California
Tulare,2/27/2021,2898,77539,1390,36641,1508,40898,0,0,2766,27818,121,24825,2766,52643,California
Tulare,2/28/2021,1304,78843,1033,37674,271,41169,0,0,1284,29084,18,24843,1284,53927,California
Tulare,3/1/2021,1737,80580,773,38447,964,42133,0,0,1553,30455,182,25025,1553,55480,California
Tulare,3/2/2021,2678,83258,1191,39638,1487,43620,0,0,2513,32806,163,25188,2514,57994,California
Tulare,3/3/2021,3822,87080,2507,42145,1315,44935,0,0,1875,32738,1945,27133,1877,59871,California
Tulare,3/4/2021,2865,89945,1292,43437,1573,46508,0,0,2550,34976,312,27445,2550,62421,California
Tulare,3/5/2021,3281,93226,1692,45129,1574,48082,15,15,2777,37270,500,27945,2794,65215,California
Tulare,3/6/2021,3058,96284,1431,46560,1568,49650,59,74,2811,39894,244,28189,2868,68083,California
Tulare,3/7/2021,1093,97377,683,47243,389,50039,21,95,1053,40928,40,28229,1074,69157,California
Tulare,3/8/2021,1664,99041,977,48220,519,50558,168,263,1351,42136,310,28539,1518,70675,California
Tulare,3/9/2021,3178,102219,2182,50402,849,51407,147,410,2783,44669,395,28934,2928,73603,California
Tulare,3/10/2021,2786,105005,1384,51786,1227,52634,175,585,2407,46878,371,29305,2580,76183,California
Tulare,3/11/2021,4134,109139,1960,53746,1873,54507,301,886,3199,49442,935,30240,3499,79682,California
Tulare,3/12/2021,4334,113473,2377,56123,1609,56116,348,1234,3066,51598,1260,31500,3416,83098,California
Tulare,3/13/2021,4005,117478,1846,57969,2054,58170,105,1339,3068,53840,931,32431,3173,86271,California
Tulare,3/14/2021,1801,119279,973,58942,609,58779,219,1558,1273,54804,527,32958,1491,87762,California
Tulare,3/15/2021,2710,121989,1593,60535,1002,59781,115,1673,1938,56088,770,33728,2054,89816,California
Tulare,3/16/2021,3419,125408,2114,62649,1228,61009,77,1750,1872,56496,1544,35272,1952,91768,California
Tulare,3/17/2021,4006,129414,2604,65253,1325,62334,77,1827,2265,57110,1735,37007,2349,94117,California
Tulare,3/18/2021,4538,133952,3296,68549,1171,63505,71,1898,2414,57478,2119,39126,2487,96604,California
Tulare,3/19/2021,5054,139006,3311,71860,1547,65052,196,2094,2713,58062,2327,41453,2911,99515,California
Tulare,3/20/2021,4347,143353,2682,74542,1293,66345,372,2466,2012,58121,2328,43781,2387,101902,California
Tulare,3/21/2021,1891,145244,1619,76161,246,66591,26,2492,965,58188,923,44704,990,102892,California
Tulare,3/22/2021,2485,147729,1697,77858,677,67268,111,2603,1666,59154,813,45517,1779,104671,California
Tulare,3/23/2021,3718,151447,2137,79995,1530,68798,51,2654,2078,59659,1630,47147,2135,106806,California
Tulare,3/24/2021,3172,154619,1967,81962,1163,69961,42,2696,1865,60266,1300,48447,1907,108713,California
Tulare,3/25/2021,3401,158020,1748,83710,1480,71441,173,2869,1675,60395,1721,50168,1850,110563,California
Tulare,3/26/2021,5082,163102,3003,86713,1970,73411,109,2978,2476,60393,2587,52755,2585,113148,California
Tulare,3/27/2021,3452,166554,1766,88479,1589,75000,97,3075,940,58928,2505,55260,1040,114188,California
Tulare,3/28/2021,1434,167988,1035,89514,368,75368,31,3106,664,58860,769,56029,701,114889,California
Tulare,3/29/2021,2846,170834,1624,91138,1110,76478,112,3218,1221,58574,1621,57650,1335,116224,California
Tulare,3/30/2021,4585,175419,2578,93716,1777,78255,230,3448,1457,57137,3121,60771,1684,117908,California
Tulare,3/31/2021,3713,179132,2169,95885,1433,79688,111,3559,1517,56579,2188,62959,1630,119538,California
Tulare,4/1/2021,4305,183437,2321,98206,1919,81607,65,3624,1502,55352,2795,65754,1568,121106,California
Tulare,4/2/2021,5144,188581,2917,101123,2110,83717,117,3741,1647,53636,3481,69235,1765,122871,California
Tulare,4/3/2021,3436,192017,2003,103126,1122,84839,311,4052,850,52248,2549,71784,1161,124032,California
Tulare,4/4/2021,1618,193635,1133,104259,478,85317,7,4059,392,51423,1224,73008,399,124431,California
Tulare,4/5/2021,3289,196924,2311,106570,715,86032,263,4322,855,50118,2424,75432,1119,125550,California
Tulare,4/6/2021,3321,200245,1463,108033,1367,87399,491,4813,928,49154,2389,77821,1425,126975,California
Tulare,4/7/2021,3733,203978,1799,109832,1515,88914,419,5232,1229,48297,2496,80317,1639,128614,California
Tulare,4/8/2021,4628,208606,2586,112418,1588,90502,454,5686,1522,47173,3098,83415,1974,130588,California
Tulare,4/9/2021,4723,213329,2921,115339,1389,91891,413,6099,1810,46491,2906,86321,2224,132812,California
Tulare,4/10/2021,3785,217114,2037,117376,1434,93325,314,6413,1029,45083,2749,89070,1341,134153,California
Tulare,4/11/2021,1573,218687,1033,118409,468,93793,72,6485,594,44773,976,90046,666,134819,California
Tulare,4/12/2021,3368,222055,2104,120513,670,94463,594,7079,1085,44187,2266,92312,1680,136499,California
Tulare,4/13/2021,2392,224447,1578,122091,804,95267,10,7089,911,43637,1473,93785,923,137422,California
Tulare,4/14/2021,2802,227249,1662,123753,1140,96407,0,7089,909,42655,1891,95676,909,138331,California
Tulare,4/15/2021,3173,230422,2069,125822,1104,97511,0,7089,1436,42363,1728,97404,1436,139767,California
Tulare,4/16/2021,3606,234028,2206,128028,1400,98911,0,7089,1509,41784,2088,99492,1509,141276,California
Tulare,4/17/2021,2134,236162,1259,129287,875,99786,0,7089,1167,41988,964,100456,1168,142444,California
Tulare,4/18/2021,1502,237664,1174,130461,328,100114,0,7089,823,42133,678,101134,823,143267,California
Tulare,4/19/2021,2102,239766,1211,131672,889,101003,2,7091,899,41832,1202,102336,901,144168,California
Tulare,4/20/2021,2198,241964,1259,132931,939,101942,0,7091,1002,41642,1192,103528,1002,145170,California
Tulare,4/21/2021,2064,244028,1301,134232,763,102705,0,7091,812,41211,1243,104771,812,145982,California
Tulare,4/22/2021,2057,246085,1158,135390,899,103604,0,7091,731,40625,1317,106088,731,146713,California
Tulare,4/23/2021,1665,247750,1052,136442,612,104216,1,7092,685,40339,971,107059,685,147398,California
Tuolumne,12/16/2020,45,45,45,45,0,0,0,0,45,45,0,0,45,45,California
Tuolumne,12/17/2020,17,62,17,62,0,0,0,0,17,62,0,0,17,62,California
Tuolumne,12/18/2020,101,163,100,162,1,1,0,0,101,163,0,0,101,163,California
Tuolumne,12/19/2020,5,168,5,167,0,1,0,0,5,168,0,0,5,168,California
Tuolumne,12/20/2020,1,169,1,168,0,1,0,0,1,169,0,0,1,169,California
Tuolumne,12/21/2020,112,281,98,266,14,15,0,0,112,281,0,0,112,281,California
Tuolumne,12/22/2020,168,449,168,434,0,15,0,0,168,449,0,0,168,449,California
Tuolumne,12/23/2020,186,635,184,618,2,17,0,0,186,635,0,0,186,635,California
Tuolumne,12/26/2020,3,638,3,621,0,17,0,0,3,638,0,0,3,638,California
Tuolumne,12/28/2020,78,716,76,697,2,19,0,0,78,716,0,0,78,716,California
Tuolumne,12/29/2020,102,818,39,736,63,82,0,0,102,818,0,0,102,818,California
Tuolumne,12/30/2020,77,895,22,758,55,137,0,0,77,895,0,0,77,895,California
Tuolumne,12/31/2020,27,922,20,778,7,144,0,0,27,922,0,0,27,922,California
Tuolumne,1/1/2021,6,928,5,783,1,145,0,0,6,928,0,0,6,928,California
Tuolumne,1/2/2021,118,1046,115,898,3,148,0,0,118,1046,0,0,118,1046,California
Tuolumne,1/3/2021,3,1049,2,900,1,149,0,0,3,1049,0,0,3,1049,California
Tuolumne,1/4/2021,68,1117,25,925,43,192,0,0,68,1117,0,0,68,1117,California
Tuolumne,1/5/2021,91,1208,26,951,65,257,0,0,89,1204,2,2,89,1206,California
Tuolumne,1/6/2021,111,1319,51,1002,60,317,0,0,68,1229,43,45,68,1274,California
Tuolumne,1/7/2021,119,1438,62,1064,57,374,0,0,64,1238,55,100,64,1338,California
Tuolumne,1/8/2021,103,1541,79,1143,24,398,0,0,26,1189,76,176,27,1365,California
Tuolumne,1/9/2021,1,1542,0,1143,1,399,0,0,1,1190,0,176,1,1366,California
Tuolumne,1/10/2021,3,1545,1,1144,2,401,0,0,3,1193,0,176,3,1369,California
Tuolumne,1/11/2021,114,1659,88,1232,26,427,0,0,33,1145,81,257,33,1402,California
Tuolumne,1/12/2021,101,1760,85,1317,16,443,0,0,17,1078,84,341,17,1419,California
Tuolumne,1/13/2021,230,1990,125,1442,105,548,0,0,181,1211,49,390,182,1601,California
Tuolumne,1/14/2021,130,2120,90,1532,40,588,0,0,43,1168,86,476,43,1644,California
Tuolumne,1/15/2021,475,2595,73,1605,402,990,0,0,412,1519,62,538,413,2057,California
Tuolumne,1/16/2021,7,2602,3,1608,4,994,0,0,6,1524,1,539,6,2063,California
Tuolumne,1/17/2021,6,2608,3,1611,3,997,0,0,5,1529,0,539,5,2068,California
Tuolumne,1/18/2021,46,2654,38,1649,8,1005,0,0,9,1502,36,575,9,2077,California
Tuolumne,1/19/2021,473,3127,72,1721,401,1406,0,0,428,1885,45,620,428,2505,California
Tuolumne,1/20/2021,76,3203,58,1779,18,1424,0,0,24,1858,51,671,24,2529,California
Tuolumne,1/21/2021,56,3259,22,1801,34,1458,0,0,41,1884,15,686,41,2570,California
Tuolumne,1/22/2021,165,3424,13,1814,152,1610,0,0,159,2037,6,692,159,2729,California
Tuolumne,1/23/2021,664,4088,146,1960,518,2128,0,0,551,2485,113,805,561,3290,California
Tuolumne,1/24/2021,523,4611,1,1961,522,2650,0,0,519,3002,3,808,520,3810,California
Tuolumne,1/25/2021,48,4659,27,1988,21,2671,0,0,22,2999,26,834,23,3833,California
Tuolumne,1/26/2021,80,4739,68,2056,12,2683,0,0,40,3000,40,874,41,3874,California
Tuolumne,1/27/2021,60,4799,4,2060,56,2739,0,0,7,2955,52,926,7,3881,California
Tuolumne,1/28/2021,27,4826,7,2067,20,2759,0,0,18,2964,9,935,18,3899,California
Tuolumne,1/29/2021,71,4897,6,2073,65,2824,0,0,33,2959,38,973,33,3932,California
Tuolumne,1/30/2021,709,5606,552,2625,157,2981,0,0,687,3640,22,995,703,4635,California
Tuolumne,1/31/2021,8,5614,2,2627,6,2987,0,0,5,3642,3,998,5,4640,California
Tuolumne,2/1/2021,24,5638,6,2633,18,3005,0,0,21,3660,3,1001,21,4661,California
Tuolumne,2/2/2021,645,6283,36,2669,609,3614,0,0,635,4286,9,1010,635,5296,California
Tuolumne,2/3/2021,238,6521,108,2777,130,3744,0,0,85,4218,153,1163,85,5381,California
Tuolumne,2/4/2021,125,6646,13,2790,112,3856,0,0,62,4217,63,1226,62,5443,California
Tuolumne,2/5/2021,99,6745,12,2802,87,3943,0,0,36,4191,62,1288,36,5479,California
Tuolumne,2/6/2021,852,7597,580,3382,272,4215,0,0,849,5037,3,1291,849,6328,California
Tuolumne,2/7/2021,7,7604,4,3386,3,4218,0,0,3,5036,4,1295,3,6331,California
Tuolumne,2/8/2021,91,7695,40,3426,51,4269,0,0,67,5079,24,1319,67,6398,California
Tuolumne,2/9/2021,865,8560,52,3478,813,5082,0,0,827,5868,38,1357,827,7225,California
Tuolumne,2/10/2021,87,8647,15,3493,72,5154,0,0,27,5836,59,1416,27,7252,California
Tuolumne,2/11/2021,142,8789,66,3559,76,5230,0,0,75,5844,67,1483,75,7327,California
Tuolumne,2/12/2021,640,9429,17,3576,623,5853,0,0,203,5612,436,1919,204,7531,California
Tuolumne,2/13/2021,146,9575,42,3618,104,5957,0,0,115,5702,25,1944,115,7646,California
Tuolumne,2/14/2021,148,9723,12,3630,136,6093,0,0,147,5848,1,1945,147,7793,California
Tuolumne,2/15/2021,184,9907,10,3640,174,6267,0,0,175,6014,9,1954,175,7968,California
Tuolumne,2/16/2021,525,10432,17,3657,508,6775,0,0,123,5739,400,2354,125,8093,California
Tuolumne,2/17/2021,107,10539,62,3719,45,6820,0,0,62,5757,44,2398,62,8155,California
Tuolumne,2/18/2021,675,11214,26,3745,649,7469,0,0,627,6336,48,2446,627,8782,California
Tuolumne,2/19/2021,131,11345,21,3766,110,7579,0,0,43,6291,88,2534,43,8825,California
Tuolumne,2/20/2021,904,12249,342,4108,562,8141,0,0,386,6172,506,3040,387,9212,California
Tuolumne,2/21/2021,974,13223,35,4143,939,9080,0,0,471,6143,500,3540,471,9683,California
Tuolumne,2/22/2021,77,13300,56,4199,21,9101,0,0,46,6159,30,3570,46,9729,California
Tuolumne,2/23/2021,46,13346,23,4222,23,9124,0,0,25,6164,20,3590,25,9754,California
Tuolumne,2/24/2021,102,13448,58,4280,44,9168,0,0,43,6149,58,3648,43,9797,California
Tuolumne,2/25/2021,1053,14501,34,4314,1019,10187,0,0,1022,7140,31,3679,1022,10819,California
Tuolumne,2/26/2021,142,14643,10,4324,132,10319,0,0,121,7240,21,3700,121,10940,California
Tuolumne,2/27/2021,947,15590,575,4899,372,10691,0,0,247,6803,684,4384,247,11187,California
Tuolumne,2/28/2021,55,15645,4,4903,51,10742,0,0,52,6853,2,4386,52,11239,California
Tuolumne,3/1/2021,110,15755,21,4924,89,10831,0,0,75,6896,33,4419,76,11315,California
Tuolumne,3/2/2021,705,16460,73,4997,632,11463,0,0,106,6404,598,5017,106,11421,California
Tuolumne,3/3/2021,88,16548,20,5017,68,11531,0,0,64,6444,24,5041,64,11485,California
Tuolumne,3/4/2021,1166,17714,73,5090,1093,12624,0,0,1103,7484,63,5104,1103,12588,California
Tuolumne,3/5/2021,84,17798,10,5100,74,12698,0,0,48,7498,35,5139,49,12637,California
Tuolumne,3/6/2021,1051,18849,604,5704,445,13143,2,2,204,6858,846,5985,206,12843,California
Tuolumne,3/7/2021,40,18889,12,5716,14,13157,14,16,18,6868,22,6007,32,12875,California
Tuolumne,3/8/2021,196,19085,88,5804,101,13258,7,23,140,6959,56,6063,147,13022,California
Tuolumne,3/9/2021,852,19937,15,5819,826,14084,11,34,66,6253,784,6847,78,13100,California
Tuolumne,3/10/2021,74,20011,12,5831,51,14135,11,45,51,6292,23,6870,62,13162,California
Tuolumne,3/11/2021,1271,21282,34,5865,1232,15367,5,50,1248,7524,23,6893,1255,14417,California
Tuolumne,3/12/2021,295,21577,31,5896,249,15616,15,65,189,7627,104,6997,207,14624,California
Tuolumne,3/13/2021,112,21689,12,5908,100,15716,0,65,93,7702,19,7016,94,14718,California
Tuolumne,3/14/2021,142,21831,8,5916,125,15841,9,74,8,7590,134,7150,22,14740,California
Tuolumne,3/15/2021,292,22123,79,5995,211,16052,2,76,101,7509,191,7341,110,14850,California
Tuolumne,3/16/2021,804,22927,38,6033,755,16807,11,87,667,8050,137,7478,678,15528,California
Tuolumne,3/17/2021,152,23079,31,6064,108,16915,13,100,79,8069,73,7551,92,15620,California
Tuolumne,3/18/2021,946,24025,28,6092,905,17820,13,113,320,7777,626,8177,334,15954,California
Tuolumne,3/19/2021,131,24156,16,6108,83,17903,32,145,70,7819,59,8236,101,16055,California
Tuolumne,3/20/2021,89,24245,6,6114,73,17976,10,155,37,7814,51,8287,46,16101,California
Tuolumne,3/21/2021,833,25078,390,6504,434,18410,9,164,40,7072,791,9078,49,16150,California
Tuolumne,3/22/2021,163,25241,72,6576,72,18482,19,183,97,7122,66,9144,116,16266,California
Tuolumne,3/23/2021,704,25945,636,7212,54,18536,14,197,668,7767,36,9180,681,16947,California
Tuolumne,3/24/2021,107,26052,19,7231,70,18606,18,215,75,7829,31,9211,93,17040,California
Tuolumne,3/25/2021,1291,27343,21,7252,1267,19873,3,218,322,7186,968,10179,325,17365,California
Tuolumne,3/26/2021,266,27609,13,7265,230,20103,23,241,108,7170,147,10326,131,17496,California
Tuolumne,3/27/2021,577,28186,54,7319,523,20626,0,241,316,7226,261,10587,317,17813,California
Tuolumne,3/28/2021,51,28237,8,7327,43,20669,0,241,11,7200,38,10625,12,17825,California
Tuolumne,3/29/2021,200,28437,81,7408,119,20788,0,241,105,7212,93,10718,105,17930,California
Tuolumne,3/30/2021,161,28598,13,7421,147,20935,1,242,118,7289,42,10760,119,18049,California
Tuolumne,3/31/2021,90,28688,13,7434,75,21010,2,244,34,7272,55,10815,38,18087,California
Tuolumne,4/1/2021,1228,29916,27,7461,1201,22211,0,244,213,6473,1013,11828,214,18301,California
Tuolumne,4/2/2021,163,30079,12,7473,125,22336,26,270,90,6517,72,11900,116,18417,California
Tuolumne,4/3/2021,414,30493,33,7506,380,22716,1,271,229,6564,185,12085,232,18649,California
Tuolumne,4/4/2021,33,30526,2,7508,31,22747,0,271,21,6575,10,12095,21,18670,California
Tuolumne,4/5/2021,128,30654,20,7528,102,22849,6,277,56,6565,72,12167,62,18732,California
Tuolumne,4/6/2021,634,31288,507,8035,100,22949,27,304,503,6965,131,12298,531,19263,California
Tuolumne,4/7/2021,121,31409,37,8072,68,23017,16,320,43,6946,78,12376,59,19322,California
Tuolumne,4/8/2021,1414,32823,30,8102,1370,24387,14,334,233,6014,1179,13555,247,19569,California
Tuolumne,4/9/2021,267,33090,41,8143,182,24569,44,378,128,6051,136,13691,173,19742,California
Tuolumne,4/10/2021,56,33146,3,8146,31,24600,22,400,23,6064,32,13723,45,19787,California
Tuolumne,4/11/2021,16,33162,2,8148,11,24611,3,403,11,6073,5,13728,14,19801,California
Tuolumne,4/12/2021,160,33322,67,8215,87,24698,6,409,87,6099,67,13795,93,19894,California
Tuolumne,4/13/2021,782,34104,35,8250,747,25445,0,409,167,5658,608,14403,167,20061,California
Tuolumne,4/14/2021,131,34235,26,8276,105,25550,0,409,62,5655,66,14469,63,20124,California
Tuolumne,4/15/2021,333,34568,22,8298,311,25861,0,409,55,5437,273,14742,55,20179,California
Tuolumne,4/16/2021,230,34798,48,8346,182,26043,0,409,132,5477,92,14834,132,20311,California
Tuolumne,4/17/2021,45,34843,7,8353,38,26081,0,409,29,5490,16,14850,29,20340,California
Tuolumne,4/18/2021,7,34850,2,8355,5,26086,0,409,3,5489,4,14854,3,20343,California
Tuolumne,4/19/2021,161,35011,76,8431,85,26171,0,409,89,5509,69,14923,89,20432,California
Tuolumne,4/20/2021,698,35709,610,9041,88,26259,0,409,77,4971,615,15538,77,20509,California
Tuolumne,4/21/2021,104,35813,25,9066,79,26338,0,409,60,4992,39,15577,60,20569,California
Tuolumne,4/22/2021,630,36443,45,9111,585,26923,0,409,404,5180,216,15793,404,20973,California
Tuolumne,4/23/2021,80,36523,22,9133,58,26981,0,409,45,5190,35,15828,45,21018,California
Ventura,12/15/2020,5,5,5,5,0,0,0,0,5,5,0,0,5,5,California
Ventura,12/16/2020,72,77,72,77,0,0,0,0,72,77,0,0,72,77,California
Ventura,12/17/2020,250,327,250,327,0,0,0,0,250,327,0,0,250,327,California
Ventura,12/18/2020,1410,1737,1410,1737,0,0,0,0,1410,1737,0,0,1410,1737,California
Ventura,12/19/2020,910,2647,910,2647,0,0,0,0,910,2647,0,0,910,2647,California
Ventura,12/20/2020,429,3076,429,3076,0,0,0,0,429,3076,0,0,429,3076,California
Ventura,12/21/2020,1470,4546,1470,4546,0,0,0,0,1470,4546,0,0,1470,4546,California
Ventura,12/22/2020,1103,5649,1098,5644,5,5,0,0,1103,5649,0,0,1103,5649,California
Ventura,12/23/2020,1026,6675,979,6623,47,52,0,0,1026,6675,0,0,1026,6675,California
Ventura,12/24/2020,477,7152,379,7002,98,150,0,0,477,7152,0,0,477,7152,California
Ventura,12/25/2020,11,7163,7,7009,4,154,0,0,11,7163,0,0,11,7163,California
Ventura,12/26/2020,111,7274,90,7099,21,175,0,0,111,7274,0,0,111,7274,California
Ventura,12/27/2020,58,7332,27,7126,31,206,0,0,58,7332,0,0,58,7332,California
Ventura,12/28/2020,1068,8400,929,8055,139,345,0,0,1068,8400,0,0,1068,8400,California
Ventura,12/29/2020,1167,9567,762,8817,405,750,0,0,1167,9567,0,0,1167,9567,California
Ventura,12/30/2020,1983,11550,1518,10335,465,1215,0,0,1983,11550,0,0,1983,11550,California
Ventura,12/31/2020,479,12029,162,10497,317,1532,0,0,479,12029,0,0,479,12029,California
Ventura,1/1/2021,20,12049,5,10502,15,1547,0,0,20,12049,0,0,20,12049,California
Ventura,1/2/2021,172,12221,79,10581,93,1640,0,0,172,12221,0,0,172,12221,California
Ventura,1/3/2021,15,12236,8,10589,7,1647,0,0,15,12236,0,0,15,12236,California
Ventura,1/4/2021,1080,13316,549,11138,531,2178,0,0,1079,13315,0,0,1079,13315,California
Ventura,1/5/2021,1371,14687,775,11913,596,2774,0,0,1331,14606,40,40,1331,14646,California
Ventura,1/6/2021,2056,16743,1179,13092,877,3651,0,0,1625,15811,422,462,1627,16273,California
Ventura,1/7/2021,2068,18811,1327,14419,741,4392,0,0,1181,16107,885,1347,1181,17454,California
Ventura,1/8/2021,2198,21009,1476,15895,722,5114,0,0,905,15722,1291,2638,906,18360,California
Ventura,1/9/2021,721,21730,500,16395,221,5335,0,0,319,15639,402,3040,319,18679,California
Ventura,1/10/2021,340,22070,326,16721,14,5349,0,0,126,15551,214,3254,126,18805,California
Ventura,1/11/2021,2445,24515,1488,18209,957,6306,0,0,1492,16093,953,4207,1495,20300,California
Ventura,1/12/2021,3035,27550,1605,19814,1430,7736,0,0,2013,17084,1022,5229,2013,22313,California
Ventura,1/13/2021,2924,30474,1423,21237,1501,9237,0,0,2041,18246,880,6109,2042,24355,California
Ventura,1/14/2021,2728,33202,1058,22295,1670,10907,0,0,2283,20086,444,6553,2284,26639,California
Ventura,1/15/2021,2886,36088,969,23264,1917,12824,0,0,2674,22549,212,6765,2675,29314,California
Ventura,1/16/2021,483,36571,186,23450,297,13121,0,0,403,22872,80,6845,403,29717,California
Ventura,1/17/2021,260,36831,137,23587,123,13244,0,0,254,23120,6,6851,254,29971,California
Ventura,1/18/2021,2218,39049,1672,25259,546,13790,0,0,1668,24240,549,7400,1669,31640,California
Ventura,1/19/2021,3032,42081,2115,27374,917,14707,0,0,2141,25492,891,8291,2143,33783,California
Ventura,1/20/2021,4059,46140,3108,30482,951,15658,0,0,3023,27483,1033,9324,3024,36807,California
Ventura,1/21/2021,3836,49976,2670,33152,1166,16824,0,0,3166,29983,667,9991,3167,39974,California
Ventura,1/22/2021,3608,53584,2490,35642,1118,17942,0,0,3447,33269,161,10152,3447,43421,California
Ventura,1/23/2021,1184,54768,650,36292,534,18476,0,0,1083,34254,100,10252,1085,44506,California
Ventura,1/24/2021,451,55219,137,36429,314,18790,0,0,438,34679,13,10265,438,44944,California
Ventura,1/25/2021,3148,58367,2028,38457,1120,19910,0,0,2598,36729,549,10814,2599,47543,California
Ventura,1/26/2021,3707,62074,2201,40658,1506,21416,0,0,2711,38446,995,11809,2712,50255,California
Ventura,1/27/2021,3454,65528,1556,42214,1898,23314,0,0,2716,40427,735,12544,2716,52971,California
Ventura,1/28/2021,3852,69380,1978,44192,1874,25188,0,0,3239,43071,596,13140,3240,56211,California
Ventura,1/29/2021,4258,73638,2519,46711,1739,26927,0,0,3759,46345,487,13627,3761,59972,California
Ventura,1/30/2021,3025,76663,1955,48666,1070,27997,0,0,2856,49036,166,13793,2857,62829,California
Ventura,1/31/2021,831,77494,444,49110,387,28384,0,0,746,49697,85,13878,746,63575,California
Ventura,2/1/2021,3935,81429,2107,51217,1828,30212,0,0,3166,52098,766,14644,3167,66742,California
Ventura,2/2/2021,4398,85827,2370,53587,2028,32240,0,0,3377,54459,1017,15661,3378,70120,California
Ventura,2/3/2021,4452,90279,2089,55676,2363,34603,0,0,3441,56895,1006,16667,3442,73562,California
Ventura,2/4/2021,4768,95047,2285,57961,2483,37086,0,0,3517,59170,1244,17911,3519,77081,California
Ventura,2/5/2021,4827,99874,2310,60271,2517,39603,0,0,3337,61032,1477,19388,3339,80420,California
Ventura,2/6/2021,2832,102706,1513,61784,1319,40922,0,0,2430,63061,401,19789,2430,82850,California
Ventura,2/7/2021,709,103415,240,62024,469,41391,0,0,584,63521,125,19914,585,83435,California
Ventura,2/8/2021,3495,106910,1622,63646,1873,43264,0,0,2425,64881,1065,20979,2425,85860,California
Ventura,2/9/2021,4716,111626,1973,65619,2743,46007,0,0,2467,65102,2248,23227,2469,88329,California
Ventura,2/10/2021,4710,116336,2235,67854,2475,48482,0,0,2403,65210,2296,25523,2404,90733,California
Ventura,2/11/2021,4655,120991,1861,69715,2794,51276,0,0,2444,65453,2204,27727,2447,93180,California
Ventura,2/12/2021,6297,127288,2657,72372,3640,54916,0,0,3220,65598,3075,30802,3220,96400,California
Ventura,2/13/2021,3293,130581,1826,74198,1467,56383,0,0,1842,65995,1447,32249,1844,98244,California
Ventura,2/14/2021,1226,131807,124,74322,1102,57485,0,0,1010,66790,216,32465,1011,99255,California
Ventura,2/15/2021,3985,135792,1795,76117,2190,59675,0,0,2115,67038,1867,34332,2115,101370,California
Ventura,2/16/2021,5530,141322,2700,78817,2830,62505,0,0,3007,67529,2516,36848,3007,104377,California
Ventura,2/17/2021,5229,146551,1919,80736,3310,65815,0,0,3263,68835,1957,38805,3263,107640,California
Ventura,2/18/2021,5775,152326,1829,82565,3946,69761,0,0,3635,70339,2131,40936,3635,111275,California
Ventura,2/19/2021,6448,158774,3768,86333,2680,72441,0,0,3010,69920,3431,44367,3012,114287,California
Ventura,2/20/2021,4925,163699,3161,89494,1764,74205,0,0,2770,70540,2151,46518,2771,117058,California
Ventura,2/21/2021,1042,164741,754,90248,288,74493,0,0,428,70359,609,47127,428,117486,California
Ventura,2/22/2021,5362,170103,2407,92655,2955,77448,0,0,3448,71902,1905,49032,3448,120934,California
Ventura,2/23/2021,5923,176026,2963,95618,2960,80408,0,0,3414,72825,2493,51525,3416,124350,California
Ventura,2/24/2021,6993,183019,2607,98225,4386,84794,0,0,4246,74340,2733,54258,4248,128598,California
Ventura,2/25/2021,7483,190502,2571,100796,4912,89706,0,0,4572,76017,2897,57155,4574,133172,California
Ventura,2/26/2021,9330,199832,2760,103556,6570,96276,0,0,6159,79031,3147,60302,6161,139333,California
Ventura,2/27/2021,9984,209816,5267,108823,4717,100993,0,0,7366,83802,2603,62905,7374,146707,California
Ventura,2/28/2021,2562,212378,1630,110453,931,101924,1,1,2096,85438,460,63365,2096,148803,California
Ventura,3/1/2021,6932,219310,2805,113258,4127,106051,0,1,4619,87766,2304,65669,4632,153435,California
Ventura,3/2/2021,7465,226775,3932,117190,3532,109583,1,2,5247,90803,2210,67879,5247,158682,California
Ventura,3/3/2021,8502,235277,3890,121080,4612,114195,0,2,6064,94446,2425,70304,6068,164750,California
Ventura,3/4/2021,8049,243326,3863,124943,4186,118381,0,2,5429,97269,2607,72911,5430,170180,California
Ventura,3/5/2021,9962,253288,4797,129740,5155,123536,10,12,7078,101494,2871,75782,7096,177276,California
Ventura,3/6/2021,7232,260520,4396,134136,2683,126219,153,165,5323,105069,1903,77685,5478,182754,California
Ventura,3/7/2021,1650,262170,601,134737,948,127167,101,266,1234,105988,416,78101,1335,184089,California
Ventura,3/8/2021,6735,268905,3414,138151,3168,130335,153,419,4632,108679,2097,80198,4788,188877,California
Ventura,3/9/2021,6517,275422,2804,140955,3516,133851,197,616,3656,109684,2850,83048,3855,192732,California
Ventura,3/10/2021,6791,282213,2964,143919,3589,137440,238,854,4478,112095,2305,85353,4716,197448,California
Ventura,3/11/2021,6269,288482,2883,146802,3167,140607,219,1073,3413,112881,2845,88198,3631,201079,California
Ventura,3/12/2021,8486,296968,3030,149832,4614,145221,842,1915,4085,113424,4385,92583,4928,206007,California
Ventura,3/13/2021,6674,303642,2493,152325,3341,148562,840,2755,3752,115099,2916,95499,4591,210598,California
Ventura,3/14/2021,2129,305771,476,152801,1158,149720,495,3250,728,114924,1400,96899,1225,211823,California
Ventura,3/15/2021,6906,312677,2046,154847,3510,153230,1350,4600,2967,115325,3916,100815,4317,216140,California
Ventura,3/16/2021,7879,320556,2451,157298,4316,157546,1112,5712,3967,116501,3900,104715,5076,221216,California
Ventura,3/17/2021,7437,327993,2758,160056,4333,161879,346,6058,4447,118325,2971,107686,4795,226011,California
Ventura,3/18/2021,7207,335200,3265,163321,3789,165668,153,6211,4696,120673,2499,110185,4847,230858,California
Ventura,3/19/2021,8314,343514,3764,167085,4440,170108,110,6321,4947,122377,3351,113536,5055,235913,California
Ventura,3/20/2021,8130,351644,5237,172322,2873,172981,20,6341,3886,122059,4225,117761,3907,239820,California
Ventura,3/21/2021,2771,354415,1507,173829,893,173874,371,6712,1312,122292,1449,119210,1682,241502,California
Ventura,3/22/2021,7326,361741,3683,177512,3541,177415,102,6814,4840,124764,2472,121682,4944,246446,California
Ventura,3/23/2021,8167,369908,3872,181384,4224,181639,71,6885,4660,126011,3483,125165,4730,251176,California
Ventura,3/24/2021,8837,378745,3406,184790,5357,186996,74,6959,4411,126097,4399,129564,4485,255661,California
Ventura,3/25/2021,8769,387514,3904,188694,4765,191761,100,7059,4435,126314,4318,133882,4535,260196,California
Ventura,3/26/2021,9665,397179,3335,192029,5677,197438,653,7712,3761,124850,5877,139759,4413,264609,California
Ventura,3/27/2021,8101,405280,3899,195928,4162,201600,40,7752,2393,121594,5690,145449,2434,267043,California
Ventura,3/28/2021,2510,407790,1396,197324,1105,202705,9,7761,1376,121848,1131,146580,1385,268428,California
Ventura,3/29/2021,8445,416235,4260,201584,4141,206846,44,7805,4218,121910,4200,150780,4262,272690,California
Ventura,3/30/2021,8907,425142,4391,205975,4392,211238,124,7929,4533,122203,4362,155142,4655,277345,California
Ventura,3/31/2021,10634,435776,4804,210779,5203,216441,627,8556,4616,121446,5998,161140,5241,282586,California
Ventura,4/1/2021,10598,446374,5176,215955,4556,220997,866,9422,5375,122476,5207,166347,6237,288823,California
Ventura,4/2/2021,11363,457737,4570,220525,5546,226543,1247,10669,5357,123102,5982,172329,6608,295431,California
Ventura,4/3/2021,8001,465738,3942,224467,2927,229470,1132,11801,3361,122963,4630,176959,4491,299922,California
Ventura,4/4/2021,1710,467448,962,225429,619,230089,129,11930,1155,123697,550,177509,1284,301206,California
Ventura,4/5/2021,9201,476649,4861,230290,3285,233374,1055,12985,4681,124919,4513,182022,5735,306941,California
Ventura,4/6/2021,10793,487442,5539,235829,3794,237168,1460,14445,5545,126695,5227,187249,7003,313944,California
Ventura,4/7/2021,11221,498663,5423,241252,4329,241497,1469,15914,5116,127184,6090,193339,6579,320523,California
Ventura,4/8/2021,10191,508854,5287,246539,3979,245476,925,16839,5099,128125,5076,198415,6017,326540,California
Ventura,4/9/2021,10983,519837,4329,250868,4967,250443,1687,18526,4822,128488,6141,204556,6504,333044,California
Ventura,4/10/2021,9101,528938,3479,254347,3474,253917,2148,20674,2990,127526,6096,210652,5134,338178,California
Ventura,4/11/2021,2410,531348,862,255209,992,254909,556,21230,685,127048,1718,212370,1240,339418,California
Ventura,4/12/2021,8869,540217,4463,259672,3611,258520,795,22025,3736,126459,5115,217485,4526,343944,California
Ventura,4/13/2021,8723,548940,4436,264108,4282,262802,5,22030,3735,125248,4951,222436,3740,347684,California
Ventura,4/14/2021,8635,557575,4050,268158,4570,267372,15,22045,3373,123411,5227,227663,3390,351074,California
Ventura,4/15/2021,9217,566792,4468,272626,4742,272114,7,22052,4048,122316,5150,232813,4055,355129,California
Ventura,4/16/2021,9937,576729,4374,277000,5563,277677,0,22052,4787,121964,5140,237953,4788,359917,California
Ventura,4/17/2021,8512,585241,5288,282288,3223,280900,1,22053,4987,123437,3516,241469,4989,364906,California
Ventura,4/18/2021,2088,587329,1009,283297,1079,281979,0,22053,903,123160,1180,242649,903,365809,California
Ventura,4/19/2021,7971,595300,4822,288119,3148,285127,1,22054,4610,124426,3345,245994,4611,370420,California
Ventura,4/20/2021,9121,604421,4889,293008,4232,289359,0,22054,4304,123930,4802,250796,4306,374726,California
Ventura,4/21/2021,8623,613044,4517,297525,4104,293463,2,22056,4097,123522,4508,255304,4100,378826,California
Ventura,4/22/2021,8838,621882,5225,302750,3613,297076,0,22056,3956,122610,4868,260172,3956,382782,California
Ventura,4/23/2021,5851,627733,3266,306016,2585,299661,0,22056,3593,123956,2247,262419,3593,386375,California
Yolo,12/15/2020,39,39,39,39,0,0,0,0,39,39,0,0,39,39,California
Yolo,12/16/2020,78,117,78,117,0,0,0,0,78,117,0,0,78,117,California
Yolo,12/17/2020,102,219,102,219,0,0,0,0,102,219,0,0,102,219,California
Yolo,12/18/2020,210,429,210,429,0,0,0,0,210,429,0,0,210,429,California
Yolo,12/19/2020,87,516,87,516,0,0,0,0,87,516,0,0,87,516,California
Yolo,12/20/2020,101,617,101,617,0,0,0,0,101,617,0,0,101,617,California
Yolo,12/21/2020,253,870,253,870,0,0,0,0,253,870,0,0,253,870,California
Yolo,12/22/2020,382,1252,381,1251,1,1,0,0,382,1252,0,0,382,1252,California
Yolo,12/23/2020,430,1682,412,1663,18,19,0,0,430,1682,0,0,430,1682,California
Yolo,12/24/2020,150,1832,94,1757,56,75,0,0,150,1832,0,0,150,1832,California
Yolo,12/25/2020,1,1833,1,1758,0,75,0,0,1,1833,0,0,1,1833,California
Yolo,12/26/2020,75,1908,25,1783,50,125,0,0,75,1908,0,0,75,1908,California
Yolo,12/27/2020,46,1954,19,1802,27,152,0,0,46,1954,0,0,46,1954,California
Yolo,12/28/2020,345,2299,178,1980,167,319,0,0,345,2299,0,0,345,2299,California
Yolo,12/29/2020,487,2786,268,2248,219,538,0,0,487,2786,0,0,487,2786,California
Yolo,12/30/2020,622,3408,255,2503,367,905,0,0,622,3408,0,0,622,3408,California
Yolo,12/31/2020,184,3592,95,2598,89,994,0,0,184,3592,0,0,184,3592,California
Yolo,1/1/2021,57,3649,56,2654,1,995,0,0,57,3649,0,0,57,3649,California
Yolo,1/2/2021,68,3717,25,2679,43,1038,0,0,68,3717,0,0,68,3717,California
Yolo,1/3/2021,44,3761,19,2698,25,1063,0,0,44,3761,0,0,44,3761,California
Yolo,1/4/2021,193,3954,43,2741,150,1213,0,0,193,3954,0,0,193,3954,California
Yolo,1/5/2021,609,4563,235,2976,374,1587,0,0,548,4441,61,61,548,4502,California
Yolo,1/6/2021,481,5044,183,3159,298,1885,0,0,350,4660,131,192,350,4852,California
Yolo,1/7/2021,710,5754,234,3393,476,2361,0,0,520,4991,189,381,520,5372,California
Yolo,1/8/2021,631,6385,311,3704,320,2681,0,0,414,5189,216,597,414,5786,California
Yolo,1/9/2021,410,6795,68,3772,342,3023,0,0,364,5507,46,643,364,6150,California
Yolo,1/10/2021,393,7188,80,3852,313,3336,0,0,323,5760,70,713,323,6473,California
Yolo,1/11/2021,559,7747,322,4174,237,3573,0,0,292,5785,267,980,292,6765,California
Yolo,1/12/2021,481,8228,364,4538,117,3690,0,0,173,5651,308,1288,174,6939,California
Yolo,1/13/2021,767,8995,310,4848,457,4147,0,0,518,5920,249,1537,518,7457,California
Yolo,1/14/2021,374,9369,181,5029,193,4340,0,0,270,6086,104,1641,270,7727,California
Yolo,1/15/2021,624,9993,321,5350,303,4643,0,0,545,6553,79,1720,546,8273,California
Yolo,1/16/2021,738,10731,95,5445,643,5286,0,0,707,7229,31,1751,707,8980,California
Yolo,1/17/2021,186,10917,117,5562,69,5355,0,0,179,7401,7,1758,179,9159,California
Yolo,1/18/2021,478,11395,303,5865,175,5530,0,0,380,7683,98,1856,380,9539,California
Yolo,1/19/2021,541,11936,372,6237,169,5699,0,0,366,7874,175,2031,366,9905,California
Yolo,1/20/2021,659,12595,381,6618,278,5977,0,0,474,8164,184,2215,474,10379,California
Yolo,1/21/2021,646,13241,382,7000,264,6241,0,0,458,8434,188,2403,458,10837,California
Yolo,1/22/2021,745,13986,250,7250,495,6736,0,0,628,8947,115,2518,628,11465,California
Yolo,1/23/2021,613,14599,124,7374,489,7225,0,0,566,9466,47,2565,566,12031,California
Yolo,1/24/2021,207,14806,124,7498,83,7308,0,0,166,9591,41,2606,166,12197,California
Yolo,1/25/2021,727,15533,153,7651,574,7882,0,0,513,9890,214,2820,513,12710,California
Yolo,1/26/2021,817,16350,326,7977,491,8373,0,0,429,9931,388,3208,429,13139,California
Yolo,1/27/2021,554,16904,223,8200,331,8704,0,0,381,10139,173,3381,381,13520,California
Yolo,1/28/2021,1045,17949,563,8763,482,9186,0,0,922,10939,122,3503,922,14442,California
Yolo,1/29/2021,867,18816,263,9026,604,9790,0,0,785,11643,81,3584,785,15227,California
Yolo,1/30/2021,1516,20332,916,9942,600,10390,0,0,1408,12949,102,3686,1408,16635,California
Yolo,1/31/2021,249,20581,211,10153,38,10428,0,0,214,13129,34,3720,214,16849,California
Yolo,2/1/2021,842,21423,359,10512,483,10911,0,0,612,13514,227,3947,612,17461,California
Yolo,2/2/2021,1319,22742,745,11257,574,11485,0,0,929,14054,390,4337,930,18391,California
Yolo,2/3/2021,1513,24255,396,11653,1117,12602,0,0,1183,14910,327,4664,1183,19574,California
Yolo,2/4/2021,1786,26041,281,11934,1505,14107,0,0,1237,15610,538,5202,1238,20812,California
Yolo,2/5/2021,1591,27632,898,12832,693,14800,0,0,1193,16406,398,5600,1194,22006,California
Yolo,2/6/2021,1919,29551,1246,14078,673,15473,0,0,1558,17604,361,5961,1559,23565,California
Yolo,2/7/2021,517,30068,248,14326,269,15742,0,0,170,17428,346,6307,170,23735,California
Yolo,2/8/2021,945,31013,331,14657,614,16356,0,0,603,17692,339,6646,603,24338,California
Yolo,2/9/2021,856,31869,384,15041,472,16828,0,0,574,17984,282,6928,574,24912,California
Yolo,2/10/2021,1454,33323,476,15517,978,17806,0,0,818,18169,635,7563,820,25732,California
Yolo,2/11/2021,1539,34862,775,16292,764,18570,0,0,1162,18954,377,7940,1162,26894,California
Yolo,2/12/2021,1904,36766,746,17038,1158,19728,0,0,1438,19930,462,8402,1438,28332,California
Yolo,2/13/2021,2047,38813,709,17747,1338,21066,0,0,1384,20651,663,9065,1384,29716,California
Yolo,2/14/2021,567,39380,152,17899,415,21481,0,0,442,20969,124,9189,442,30158,California
Yolo,2/15/2021,528,39908,189,18088,339,21820,0,0,265,20972,263,9452,266,30424,California
Yolo,2/16/2021,1114,41022,424,18512,690,22510,0,0,807,21472,307,9759,807,31231,California
Yolo,2/17/2021,1381,42403,698,19210,683,23193,0,0,990,22071,391,10150,990,32221,California
Yolo,2/18/2021,2439,44842,758,19968,1681,24874,0,0,1676,22984,763,10913,1676,33897,California
Yolo,2/19/2021,1735,46577,742,20710,993,25867,0,0,1118,23487,615,11528,1118,35015,California
Yolo,2/20/2021,2432,49009,942,21652,1490,27357,0,0,1360,23781,1067,12595,1361,36376,California
Yolo,2/21/2021,282,49291,225,21877,57,27414,0,0,73,23646,208,12803,73,36449,California
Yolo,2/22/2021,1359,50650,599,22476,760,28174,0,0,692,23672,666,13469,692,37141,California
Yolo,2/23/2021,1120,51770,840,23316,280,28454,0,0,439,23432,679,14148,439,37580,California
Yolo,2/24/2021,2089,53859,589,23905,1500,29954,0,0,1381,24107,706,14854,1381,38961,California
Yolo,2/25/2021,1338,55197,444,24349,894,30848,0,0,873,24516,464,15318,873,39834,California
Yolo,2/26/2021,2563,57760,983,25332,1580,32428,0,0,1366,24688,1194,16512,1366,41200,California
Yolo,2/27/2021,1647,59407,765,26097,882,33310,0,0,1197,25435,450,16962,1197,42397,California
Yolo,2/28/2021,1772,61179,1489,27586,283,33593,0,0,680,25025,1090,18052,680,43077,California
Yolo,3/1/2021,1088,62267,354,27940,734,34327,0,0,658,25255,428,18480,658,43735,California
Yolo,3/2/2021,1457,63724,678,28618,779,35106,0,0,928,25654,529,19009,928,44663,California
Yolo,3/3/2021,1816,65540,611,29229,1205,36311,0,0,812,25464,1002,20011,812,45475,California
Yolo,3/4/2021,2844,68384,1403,30632,1441,37752,0,0,1539,25700,1303,21314,1539,47014,California
Yolo,3/5/2021,2336,70720,1392,32024,933,38685,11,11,1467,26310,868,22182,1478,48492,California
Yolo,3/6/2021,1471,72191,1121,33145,321,39006,29,40,839,26549,629,22811,868,49360,California
Yolo,3/7/2021,903,73094,670,33815,219,39225,14,54,770,27200,133,22944,784,50144,California
Yolo,3/8/2021,1074,74168,480,34295,551,39776,43,97,749,27668,325,23269,793,50937,California
Yolo,3/9/2021,1243,75411,669,34964,514,40290,60,157,755,27997,486,23755,815,51752,California
Yolo,3/10/2021,1783,77194,1040,36004,452,40742,291,448,743,27987,1039,24794,1029,52781,California
Yolo,3/11/2021,2278,79472,1534,37538,677,41419,67,515,1567,28912,710,25504,1635,54416,California
Yolo,3/12/2021,2885,82357,1339,38877,1467,42886,79,594,1370,28851,1509,27013,1448,55864,California
Yolo,3/13/2021,1840,84197,729,39606,934,43820,177,771,1006,29204,830,27843,1183,57047,California
Yolo,3/14/2021,1007,85204,213,39819,644,44464,150,921,525,29395,481,28324,672,57719,California
Yolo,3/15/2021,1318,86522,773,40592,369,44833,176,1097,701,29656,615,28939,876,58595,California
Yolo,3/16/2021,1864,88386,714,41306,1078,45911,72,1169,1101,30066,763,29702,1173,59768,California
Yolo,3/17/2021,2480,90866,965,42271,1443,47354,72,1241,1700,31092,777,30479,1803,61571,California
Yolo,3/18/2021,2882,93748,895,43166,1764,49118,223,1464,1172,30779,1708,32187,1395,62966,California
Yolo,3/19/2021,2037,95785,816,43982,1154,50272,67,1531,1074,30963,957,33144,1141,64107,California
Yolo,3/20/2021,2744,98529,815,44797,1888,52160,41,1572,1114,30496,1624,34768,1157,65264,California
Yolo,3/21/2021,317,98846,216,45013,93,52253,8,1580,229,30647,86,34854,237,65501,California
Yolo,3/22/2021,1382,100228,482,45495,848,53101,52,1632,909,31136,471,35325,960,66461,California
Yolo,3/23/2021,1724,101952,931,46426,737,53838,56,1688,1065,31599,658,35983,1121,67582,California
Yolo,3/24/2021,2838,104790,1385,47811,1404,55242,49,1737,1419,31658,1409,37392,1468,69050,California
Yolo,3/25/2021,2417,107207,1296,49107,1094,56336,27,1764,1155,31588,1252,38644,1182,70232,California
Yolo,3/26/2021,2381,109588,1238,50345,1124,57460,19,1783,1023,31278,1351,39995,1041,71273,California
Yolo,3/27/2021,1635,111223,455,50800,1164,58624,16,1799,755,31170,879,40874,771,72044,California
Yolo,3/28/2021,1102,112325,860,51660,224,58848,18,1817,272,30634,826,41700,290,72334,California
Yolo,3/29/2021,1994,114319,819,52479,1157,60005,18,1835,986,30634,1004,42704,1004,73338,California
Yolo,3/30/2021,2269,116588,1066,53545,1180,61185,23,1858,1188,30769,1076,43780,1211,74549,California
Yolo,3/31/2021,2330,118918,1205,54750,1089,62274,36,1894,1204,30884,1125,44905,1240,75789,California
Yolo,4/1/2021,3744,122662,1764,56514,1505,63779,475,2369,1567,30752,2174,47079,2042,77831,California
Yolo,4/2/2021,3107,125769,1480,57994,1567,65346,60,2429,2028,31767,1073,48152,2088,79919,California
Yolo,4/3/2021,1787,127556,1079,59073,493,65839,215,2644,800,31796,986,49138,1015,80934,California
Yolo,4/4/2021,385,127941,151,59224,171,66010,63,2707,143,31760,242,49380,206,81140,California
Yolo,4/5/2021,1893,129834,721,59945,1074,67084,98,2805,1011,31991,878,50258,1109,82249,California
Yolo,4/6/2021,2555,132389,1294,61239,1091,68175,170,2975,1309,32234,1237,51495,1480,83729,California
Yolo,4/7/2021,2865,135254,1512,62751,1104,69279,249,3224,1925,33474,933,52428,2173,85902,California
Yolo,4/8/2021,2403,137657,992,63743,941,70220,470,3694,1022,33586,1378,53806,1490,87392,California
Yolo,4/9/2021,2424,140081,877,64620,1053,71273,494,4188,803,33264,1618,55424,1296,88688,California
Yolo,4/10/2021,1680,141761,790,65410,719,71992,171,4359,997,33752,679,56103,1167,89855,California
Yolo,4/11/2021,866,142627,261,65671,560,72552,45,4404,344,33621,519,56622,388,90243,California
Yolo,4/12/2021,1752,144379,515,66186,1095,73647,142,4546,1091,34196,658,57280,1233,91476,California
Yolo,4/13/2021,1931,146310,873,67059,1058,74705,0,4546,1001,34269,928,58208,1001,92477,California
Yolo,4/14/2021,2723,149033,734,67793,1989,76694,0,4546,1349,34249,1369,59577,1349,93826,California
Yolo,4/15/2021,3194,152227,1041,68834,2153,78847,0,4546,2246,35551,944,60521,2246,96072,California
Yolo,4/16/2021,2893,155120,1836,70670,1057,79904,0,4546,1829,36320,1060,61581,1829,97901,California
Yolo,4/17/2021,1506,156626,414,71084,1092,80996,0,4546,743,36305,758,62339,743,98644,California
Yolo,4/18/2021,591,157217,263,71347,328,81324,0,4546,349,36415,239,62578,349,98993,California
Yolo,4/19/2021,1658,158875,718,72065,939,82263,1,4547,768,36299,885,63463,769,99762,California
Yolo,4/20/2021,1988,160863,1004,73069,984,83247,0,4547,1072,36457,914,64377,1072,100834,California
Yolo,4/21/2021,1952,162815,977,74046,975,84222,0,4547,1070,36648,879,65256,1070,101904,California
Yolo,4/22/2021,1577,164392,670,74716,907,85129,0,4547,824,36725,748,66004,825,102729,California
Yolo,4/23/2021,1216,165608,566,75282,650,85779,0,4547,773,37062,437,66441,774,103503,California
Yuba,12/16/2020,4,4,4,4,0,0,0,0,4,4,0,0,4,4,California
Yuba,12/17/2020,4,8,4,8,0,0,0,0,4,8,0,0,4,8,California
Yuba,12/18/2020,8,16,8,16,0,0,0,0,8,16,0,0,8,16,California
Yuba,12/19/2020,12,28,12,28,0,0,0,0,12,28,0,0,12,28,California
Yuba,12/20/2020,20,48,20,48,0,0,0,0,20,48,0,0,20,48,California
Yuba,12/21/2020,40,88,40,88,0,0,0,0,40,88,0,0,40,88,California
Yuba,12/22/2020,86,174,86,174,0,0,0,0,86,174,0,0,86,174,California
Yuba,12/23/2020,63,237,61,235,2,2,0,0,63,237,0,0,63,237,California
Yuba,12/24/2020,20,257,10,245,10,12,0,0,20,257,0,0,20,257,California
Yuba,12/26/2020,15,272,13,258,2,14,0,0,15,272,0,0,15,272,California
Yuba,12/27/2020,15,287,15,273,0,14,0,0,15,287,0,0,15,287,California
Yuba,12/28/2020,51,338,35,308,16,30,0,0,51,338,0,0,51,338,California
Yuba,12/29/2020,75,413,10,318,65,95,0,0,75,413,0,0,75,413,California
Yuba,12/30/2020,63,476,20,338,43,138,0,0,63,476,0,0,63,476,California
Yuba,12/31/2020,36,512,6,344,30,168,0,0,36,512,0,0,36,512,California
Yuba,1/2/2021,23,535,22,366,1,169,0,0,23,535,0,0,23,535,California
Yuba,1/3/2021,10,545,6,372,4,173,0,0,10,545,0,0,10,545,California
Yuba,1/4/2021,90,635,21,393,69,242,0,0,90,635,0,0,90,635,California
Yuba,1/5/2021,68,703,36,429,32,274,0,0,67,701,1,1,67,702,California
Yuba,1/6/2021,153,856,76,505,77,351,0,0,147,842,6,7,147,849,California
Yuba,1/7/2021,75,931,19,524,56,407,0,0,72,910,4,11,72,921,California
Yuba,1/8/2021,73,1004,25,549,48,455,0,0,66,969,7,18,66,987,California
Yuba,1/9/2021,19,1023,16,565,3,458,0,0,11,972,8,26,11,998,California
Yuba,1/10/2021,117,1140,22,587,95,553,0,0,95,1045,22,48,95,1093,California
Yuba,1/11/2021,72,1212,50,637,22,575,0,0,32,1037,40,88,32,1125,California
Yuba,1/12/2021,107,1319,77,714,30,605,0,0,42,1014,65,153,42,1167,California
Yuba,1/13/2021,118,1437,71,785,47,652,0,0,54,1005,63,216,54,1221,California
Yuba,1/14/2021,109,1546,43,828,66,718,0,0,97,1090,12,228,97,1318,California
Yuba,1/15/2021,206,1752,88,916,118,836,0,0,195,1274,11,239,195,1513,California
Yuba,1/16/2021,184,1936,21,937,163,999,0,0,172,1433,13,252,172,1685,California
Yuba,1/17/2021,13,1949,9,946,4,1003,0,0,7,1434,6,258,7,1692,California
Yuba,1/18/2021,60,2009,32,978,28,1031,0,0,35,1444,25,283,35,1727,California
Yuba,1/19/2021,80,2089,29,1007,51,1082,0,0,65,1494,15,298,65,1792,California
Yuba,1/20/2021,132,2221,87,1094,45,1127,0,0,109,1580,23,321,109,1901,California
Yuba,1/21/2021,210,2431,95,1189,115,1242,0,0,202,1774,8,329,202,2103,California
Yuba,1/22/2021,103,2534,6,1195,97,1339,0,0,94,1859,9,338,94,2197,California
Yuba,1/23/2021,200,2734,7,1202,193,1532,0,0,197,2053,3,341,197,2394,California
Yuba,1/24/2021,10,2744,7,1209,3,1535,0,0,8,2059,2,343,8,2402,California
Yuba,1/25/2021,83,2827,27,1236,56,1591,0,0,52,2081,30,373,52,2454,California
Yuba,1/26/2021,148,2975,39,1275,109,1700,0,0,92,2117,56,429,92,2546,California
Yuba,1/27/2021,182,3157,128,1403,54,1754,0,0,115,2165,67,496,115,2661,California
Yuba,1/28/2021,215,3372,79,1482,136,1890,0,0,174,2298,41,537,174,2835,California
Yuba,1/29/2021,159,3531,56,1538,103,1993,0,0,112,2363,47,584,112,2947,California
Yuba,1/30/2021,410,3941,23,1561,387,2380,0,0,399,2751,11,595,399,3346,California
Yuba,1/31/2021,17,3958,12,1573,5,2385,0,0,15,2764,2,597,15,3361,California
Yuba,2/1/2021,155,4113,75,1648,80,2465,0,0,131,2873,23,620,132,3493,California
Yuba,2/2/2021,123,4236,23,1671,100,2565,0,0,101,2952,22,642,101,3594,California
Yuba,2/3/2021,225,4461,29,1700,196,2761,0,0,113,2954,111,753,113,3707,California
Yuba,2/4/2021,295,4756,120,1820,175,2936,0,0,252,3163,43,796,252,3959,California
Yuba,2/5/2021,146,4902,32,1852,114,3050,0,0,70,3157,76,872,70,4029,California
Yuba,2/6/2021,448,5350,26,1878,422,3472,0,0,440,3589,8,880,440,4469,California
Yuba,2/7/2021,18,5368,11,1889,7,3479,0,0,15,3601,3,883,15,4484,California
Yuba,2/8/2021,95,5463,35,1924,60,3539,0,0,66,3638,29,912,66,4550,California
Yuba,2/9/2021,153,5616,55,1979,98,3637,0,0,84,3653,69,981,84,4634,California
Yuba,2/10/2021,352,5968,172,2151,180,3817,0,0,114,3530,237,1218,114,4748,California
Yuba,2/11/2021,397,6365,63,2214,334,4151,0,0,301,3737,94,1312,301,5049,California
Yuba,2/12/2021,264,6629,27,2241,237,4388,0,0,151,3775,113,1425,151,5200,California
Yuba,2/13/2021,435,7064,35,2276,400,4788,0,0,387,4114,48,1473,387,5587,California
Yuba,2/14/2021,54,7118,11,2287,43,4831,0,0,49,4158,5,1478,49,5636,California
Yuba,2/15/2021,88,7206,36,2323,52,4883,0,0,69,4208,19,1497,69,5705,California
Yuba,2/16/2021,198,7404,53,2376,145,5028,0,0,140,4291,57,1554,140,5845,California
Yuba,2/17/2021,369,7773,155,2531,214,5242,0,0,98,4119,270,1824,98,5943,California
Yuba,2/18/2021,304,8077,33,2564,271,5513,0,0,181,4177,123,1947,181,6124,California
Yuba,2/19/2021,224,8301,84,2648,140,5653,0,0,141,4235,83,2030,141,6265,California
Yuba,2/20/2021,390,8691,30,2678,360,6013,0,0,336,4517,54,2084,336,6601,California
Yuba,2/21/2021,16,8707,14,2692,2,6015,0,0,6,4513,10,2094,6,6607,California
Yuba,2/22/2021,128,8835,79,2771,49,6064,0,0,38,4462,89,2183,38,6645,California
Yuba,2/23/2021,113,8948,25,2796,88,6152,0,0,46,4442,66,2249,46,6691,California
Yuba,2/24/2021,479,9427,135,2931,344,6496,0,0,106,4175,373,2622,106,6797,California
Yuba,2/25/2021,332,9759,133,3064,199,6695,0,0,204,4251,128,2750,204,7001,California
Yuba,2/26/2021,256,10015,67,3131,189,6884,0,0,143,4283,111,2861,143,7144,California
Yuba,2/27/2021,471,10486,46,3177,425,7309,0,0,382,4578,87,2948,382,7526,California
Yuba,2/28/2021,65,10551,21,3198,44,7353,0,0,44,4601,21,2969,44,7570,California
Yuba,3/1/2021,152,10703,39,3237,113,7466,0,0,76,4602,75,3044,76,7646,California
Yuba,3/2/2021,158,10861,35,3272,123,7589,0,0,78,4600,80,3124,78,7724,California
Yuba,3/3/2021,618,11479,157,3429,461,8050,0,0,198,4379,419,3543,198,7922,California
Yuba,3/4/2021,465,11944,270,3699,195,8245,0,0,324,4563,140,3683,324,8246,California
Yuba,3/5/2021,315,12259,59,3758,255,8500,1,1,248,4745,67,3750,249,8495,California
Yuba,3/6/2021,475,12734,35,3793,436,8936,4,5,369,5012,106,3856,373,8868,California
Yuba,3/7/2021,49,12783,27,3820,21,8957,1,6,33,5030,16,3872,34,8902,California
Yuba,3/8/2021,160,12943,49,3869,95,9052,16,22,101,5088,59,3931,117,9019,California
Yuba,3/9/2021,175,13118,46,3915,110,9162,19,41,83,5098,92,4023,102,9121,California
Yuba,3/10/2021,733,13851,232,4147,471,9633,30,71,229,4854,503,4526,259,9380,California
Yuba,3/11/2021,428,14279,186,4333,230,9863,12,83,295,5028,133,4659,307,9687,California
Yuba,3/12/2021,462,14741,86,4419,322,10185,54,137,149,4918,313,4972,203,9890,California
Yuba,3/13/2021,451,15192,331,4750,105,10290,15,152,357,5197,93,5065,372,10262,California
Yuba,3/14/2021,107,15299,21,4771,76,10366,10,162,46,5193,60,5125,56,10318,California
Yuba,3/15/2021,194,15493,49,4820,128,10494,17,179,99,5214,95,5220,116,10434,California
Yuba,3/16/2021,290,15783,71,4891,194,10688,25,204,177,5304,112,5332,202,10636,California
Yuba,3/17/2021,737,16520,161,5052,547,11235,29,233,191,4980,544,5876,220,10856,California
Yuba,3/18/2021,564,17084,148,5200,303,11538,113,346,342,5212,222,6098,454,11310,California
Yuba,3/19/2021,325,17409,120,5320,156,11694,49,395,186,5309,138,6236,235,11545,California
Yuba,3/20/2021,552,17961,80,5400,454,12148,18,413,472,5720,79,6315,490,12035,California
Yuba,3/21/2021,59,18020,35,5435,24,12172,0,413,47,5755,12,6327,47,12082,California
Yuba,3/22/2021,190,18210,70,5505,113,12285,7,420,148,5868,42,6369,155,12237,California
Yuba,3/23/2021,263,18473,79,5584,157,12442,27,447,178,5989,84,6453,205,12442,California
Yuba,3/24/2021,762,19235,251,5835,430,12872,81,528,184,5678,576,7029,265,12707,California
Yuba,3/25/2021,496,19731,263,6098,211,13083,22,550,246,5696,250,7279,268,12975,California
Yuba,3/26/2021,387,20118,143,6241,217,13300,27,577,221,5779,165,7444,248,13223,California
Yuba,3/27/2021,461,20579,27,6268,431,13731,3,580,407,6135,53,7497,409,13632,California
Yuba,3/28/2021,98,20677,40,6308,54,13785,4,584,37,6115,61,7558,41,13673,California
Yuba,3/29/2021,293,20970,85,6393,177,13962,31,615,181,6215,112,7670,212,13885,California
Yuba,3/30/2021,272,21242,67,6460,197,14159,8,623,191,6333,81,7751,199,14084,California
Yuba,3/31/2021,671,21913,113,6573,546,14705,12,635,246,6167,424,8175,258,14342,California
Yuba,4/1/2021,615,22528,283,6856,303,15008,29,664,283,6147,332,8507,312,14654,California
Yuba,4/2/2021,484,23012,90,6946,312,15320,82,746,181,6107,302,8809,262,14916,California
Yuba,4/3/2021,653,23665,56,7002,115,15435,482,1228,87,6111,565,9374,569,15485,California
Yuba,4/4/2021,58,23723,11,7013,41,15476,6,1234,33,6125,25,9399,39,15524,California
Yuba,4/5/2021,245,23968,79,7092,147,15623,19,1253,124,6148,119,9518,142,15666,California
Yuba,4/6/2021,337,24305,114,7206,163,15786,60,1313,158,6188,178,9696,218,15884,California
Yuba,4/7/2021,768,25073,397,7603,320,16106,51,1364,347,6167,418,10114,397,16281,California
Yuba,4/8/2021,730,25803,297,7900,171,16277,262,1626,262,6224,467,10581,524,16805,California
Yuba,4/9/2021,391,26194,170,8070,157,16434,64,1690,159,6216,231,10812,223,17028,California
Yuba,4/10/2021,592,26786,71,8141,74,16508,447,2137,70,6213,520,11332,517,17545,California
Yuba,4/11/2021,98,26884,22,8163,64,16572,12,2149,39,6205,59,11391,51,17596,California
Yuba,4/12/2021,209,27093,46,8209,135,16707,28,2177,81,6187,127,11518,109,17705,California
Yuba,4/13/2021,394,27487,100,8309,294,17001,0,2177,202,6198,191,11709,202,17907,California
Yuba,4/14/2021,690,28177,107,8416,583,17584,0,2177,117,5743,572,12281,117,18024,California
Yuba,4/15/2021,294,28471,123,8539,171,17755,0,2177,124,5697,170,12451,124,18148,California
Yuba,4/16/2021,328,28799,102,8641,226,17981,0,2177,178,5725,150,12601,178,18326,California
Yuba,4/17/2021,391,29190,54,8695,337,18318,0,2177,320,5975,70,12671,320,18646,California
Yuba,4/18/2021,51,29241,9,8704,42,18360,0,2177,24,5972,27,12698,24,18670,California
Yuba,4/19/2021,244,29485,102,8806,142,18502,0,2177,103,5934,141,12839,103,18773,California
Yuba,4/20/2021,302,29787,79,8885,223,18725,0,2177,177,5987,125,12964,178,18951,California
Yuba,4/21/2021,694,30481,283,9168,411,19136,0,2177,299,5891,395,13359,299,19250,California
Yuba,4/22/2021,269,30750,95,9263,174,19310,0,2177,149,5920,120,13479,149,19399,California
Yuba,4/23/2021,177,30927,27,9290,150,19460,0,2177,96,5935,81,13560,96,19495,California
